%YAML:1.0
---
source: made_with_TestImgsCamPos
K: !!opencv-matrix
   rows: 3
   cols: 3
   dt: d
   data: [ 3.1875481745376701e+03, 0., 2.0193279904032545e+03, 0.,
       3.1745530642891767e+03, 1.5106107982615169e+03, 0., 0., 1. ]
D: !!opencv-matrix
   rows: 1
   cols: 5
   dt: d
   data: [ -3.9412048470556282e-01, 2.3243018062881590e-01,
       1.5872385874635585e-02, 4.4780148071919476e-03,
       -1.1758862672624019e-01 ]
stdInt: !!opencv-matrix
   rows: 18
   cols: 1
   dt: d
   data: [ 4.9079846607969463e-01, 3.5937683171650425e-01,
       6.0445696896399612e+00, 8.3366435077523864e+00,
       2.0880059680076783e-03, 6.1837414521690353e-03,
       6.2799296116632596e-04, 4.0609575181301081e-04,
       6.0581604474137137e-03, 0., 0., 0., 0., 0., 0., 0., 0., 0. ]
stdEx: !!opencv-matrix
   rows: 1380
   cols: 1
   dt: d
   data: [ 1.1033602909173482e-03, 1.3226425619221325e-03,
       3.1208913503914543e-04, 1.4724287572993678e-03,
       2.0743556061366404e-03, 3.3982977372842149e-04,
       1.2380217997103038e-03, 1.3620917316810818e-03,
       2.7784172310176008e-04, 1.4858499590752398e-03,
       2.0709673776268447e-03, 3.7889723384494211e-04,
       1.1759611875879151e-03, 1.3205348168224872e-03,
       3.2806507905790166e-04, 1.4750371408887237e-03,
       2.0714196630726182e-03, 3.0889567936890483e-04,
       1.1337199152818944e-03, 1.3050876263776797e-03,
       3.2716723591967746e-04, 1.4731451173645466e-03,
       2.0735650570955656e-03, 3.2076009118054625e-04,
       1.1110011141473328e-03, 1.3070867582433588e-03,
       3.3038215638829852e-04, 1.4718389608375131e-03,
       2.0757020177740535e-03, 3.3632543278952975e-04,
       1.3970212908309858e-03, 1.4799816614608074e-03,
       3.1742028971719284e-04, 1.4797103462693762e-03,
       2.0662475532234304e-03, 3.0083184084578991e-04,
       1.2931244719011973e-03, 1.4076380979994075e-03,
       3.1052799521288899e-04, 1.4758067613002274e-03,
       2.0659339737679771e-03, 3.0385944859676842e-04,
       1.2121472335892090e-03, 1.3663301973457437e-03,
       3.0725002593210451e-04, 1.4735867214318906e-03,
       2.0684603828042443e-03, 3.1283908025295291e-04,
       1.1457108519885174e-03, 1.3363992204838216e-03,
       3.0771599372011972e-04, 1.4723150607559448e-03,
       2.0711515304527349e-03, 3.2462112353836881e-04,
       1.5644036316721651e-03, 1.5849498216586333e-03,
       2.9284743577947408e-04, 1.4789060539389415e-03,
       2.0626829914658852e-03, 3.1139079975136023e-04,
       1.1031460520826361e-03, 1.3220356115777798e-03,
       3.1201451378514350e-04, 1.4724040001099176e-03,
       2.0743597264299561e-03, 3.3995931270331743e-04,
       1.5657373075721134e-03, 1.5856215592079293e-03,
       2.9282489658570955e-04, 1.4787901765292162e-03,
       2.0625512605450189e-03, 3.1159193436022993e-04,
       1.4050592555801161e-03, 1.4848369083388900e-03,
       2.8800481505502788e-04, 1.4748386570514753e-03,
       2.0631026894230358e-03, 3.1549282529786977e-04,
       1.2783280767944534e-03, 1.4165718241833309e-03,
       2.8721456182439467e-04, 1.4728070309926330e-03,
       2.0656382536088989e-03, 3.2300328393877189e-04,
       1.1860055641104168e-03, 1.3686299041354257e-03,
       2.9024570307748264e-04, 1.4726719656843132e-03,
       2.0689621694775467e-03, 3.3392174872377871e-04,
       1.1269633919471775e-03, 1.3426000055555311e-03,
       2.9666630281513523e-04, 1.4744761924476602e-03,
       2.0731598647904365e-03, 3.4867472377064237e-04,
       1.7769880222514957e-03, 1.7043162176905845e-03,
       2.6458809783244528e-04, 1.4782220595024825e-03,
       2.0604469684811959e-03, 3.3173892315046285e-04,
       1.5417517457008471e-03, 1.5622548378926885e-03,
       2.6457865645145690e-04, 1.4749836109053068e-03,
       2.0616169842780996e-03, 3.3307946796458642e-04,
       1.3712820816129828e-03, 1.4657507916225234e-03,
       2.6824049759772517e-04, 1.4741805108845246e-03,
       2.0645254555005659e-03, 3.3838989250447861e-04,
       1.2514622729378536e-03, 1.3984422603902937e-03,
       2.7539018549821534e-04, 1.4754566808485097e-03,
       2.0678651318926525e-03, 3.4749147230889437e-04,
       1.4034995098246462e-03, 1.4830462192371818e-03,
       2.8800969619458634e-04, 1.4748346027300015e-03,
       2.0631025319562441e-03, 3.1541518366469249e-04,
       1.1726765310717741e-03, 1.3550922105165977e-03,
       2.8510046434888475e-04, 1.4783289212471089e-03,
       2.0715202991971006e-03, 3.6135020326460889e-04,
       1.9963480050700718e-03, 1.8265963067848386e-03,
       2.3404935932752854e-04, 1.4802945990023196e-03,
       2.0613154483187439e-03, 3.5434085850879658e-04,
       1.6756068597628846e-03, 1.6244680874175220e-03,
       2.4238853729252935e-04, 1.4781676757731530e-03,
       2.0617196250956303e-03, 3.5269888103588631e-04,
       1.4677094908016823e-03, 1.4977711750712433e-03,
       2.5278103166067022e-04, 1.4787037992656253e-03,
       2.0638604772511434e-03, 3.5597371601137328e-04,
       1.3311954770107172e-03, 1.4173104010049848e-03,
       2.6486896992722759e-04, 1.4816975416926715e-03,
       2.0674559754233742e-03, 3.6437266290550383e-04,
       1.2382486800592556e-03, 1.3625363111162878e-03,
       2.7784653378800522e-04, 1.4856993180554663e-03,
       2.0707984716072970e-03, 3.7871374168809080e-04,
       1.1752826543422593e-03, 1.3197611054451325e-03,
       3.2802586925092159e-04, 1.4750103762681667e-03,
       2.0714106857955940e-03, 3.0890536876724802e-04,
       1.1337736755712899e-03, 1.3049179306005040e-03,
       3.2713463701511262e-04, 1.4730750664673142e-03,
       2.0734955267498307e-03, 3.2079369062949201e-04,
       1.2766449570917047e-03, 1.4130962832551441e-03,
       2.8713208850235356e-04, 1.4726295109375191e-03,
       2.0654503143884085e-03, 3.2310972096544498e-04,
       1.1114872922196712e-03, 1.3083506566598055e-03,
       3.3050767866800202e-04, 1.4722423677275285e-03,
       2.0761476442814650e-03, 3.3622235806029388e-04,
       1.4001623270746900e-03, 1.4815793546607699e-03,
       3.1755813697030615e-04, 1.4797823326311193e-03,
       2.0663654284424093e-03, 3.0128478431492493e-04,
       1.2979360363267872e-03, 1.4117211863049082e-03,
       3.1068178230282494e-04, 1.4760101075557948e-03,
       2.0661895335953853e-03, 3.0422435375662970e-04,
       1.2098281831051045e-03, 1.3641997623944711e-03,
       3.0722635194011617e-04, 1.4733306089322884e-03,
       2.0680694014020939e-03, 3.1258528128200148e-04,
       1.1442588331116066e-03, 1.3336689828470369e-03,
       3.0760466334640542e-04, 1.4720750844918202e-03,
       2.0708982223224368e-03, 3.2473487172913438e-04,
       1.1029103294547763e-03, 1.3208787790580788e-03,
       3.1187485167962105e-04, 1.4721259783386782e-03,
       2.0740797444807656e-03, 3.4014202827323243e-04,
       1.5640003354772845e-03, 1.5831438840990082e-03,
       2.9267698574609436e-04, 1.4786563077995589e-03,
       2.0624367742731885e-03, 3.1170148120958547e-04,
       1.4043150858655928e-03, 1.4826088457315712e-03,
       2.8788310986100490e-04, 1.4748004049190289e-03,
       2.0631540108695398e-03, 3.1574140248886035e-04,
       1.2775055710791937e-03, 1.4154826414888898e-03,
       2.8721731991677730e-04, 1.4726191073646218e-03,
       2.0653427023573970e-03, 3.2285333895737764e-04,
       1.1857866443794223e-03, 1.3676096566706819e-03,
       2.9017423836337556e-04, 1.4726875741461040e-03,
       2.0690282365426037e-03, 3.3409866944178528e-04,
       1.1856886875761456e-03, 1.3678412607528606e-03,
       2.9025268153679722e-04, 1.4727374896620880e-03,
       2.0690527141871990e-03, 3.3398384374468696e-04,
       1.1251605259668216e-03, 1.3393396047053599e-03,
       2.9670361270840007e-04, 1.4741914022637695e-03,
       2.0726924091110971e-03, 3.4869393801607537e-04,
       1.7792288009269466e-03, 1.7062925630786597e-03,
       2.6462355972898486e-04, 1.4784168423653556e-03,
       2.0607356004771200e-03, 3.3192587400402806e-04,
       1.5413262317544225e-03, 1.5606507131835923e-03,
       2.6446877011570820e-04, 1.4749390213295293e-03,
       2.0616076105797760e-03, 3.3329946131004518e-04,
       1.3700262818903781e-03, 1.4637832596785777e-03,
       2.6834522292855199e-04, 1.4741276049095614e-03,
       2.0643920854635195e-03, 3.3827245412653784e-04,
       1.2512453569469130e-03, 1.3982707991501884e-03,
       2.7547516878663562e-04, 1.4753467069523725e-03,
       2.0676750451595356e-03, 3.4731197855855412e-04,
       1.1731575810376505e-03, 1.3562984905084402e-03,
       2.8499258529481589e-04, 1.4783982043978649e-03,
       2.0716827046316508e-03, 3.6146410629188787e-04,
       1.9952535835261612e-03, 1.8258071369126468e-03,
       2.3406738163252034e-04, 1.4802259956711175e-03,
       2.0611964758771350e-03, 3.5422468199887820e-04,
       1.6759423244852678e-03, 1.6244873476002808e-03,
       2.4230153627763774e-04, 1.4782214753483668e-03,
       2.0618034810549225e-03, 3.5287828265016878e-04,
       1.4678465100306927e-03, 1.4977722242935740e-03,
       2.5276059768336573e-04, 1.4786782823098734e-03,
       2.0638183374358057e-03, 3.5597142357385390e-04,
       1.3300206180620962e-03, 1.4152080878616509e-03,
       2.6471684113488664e-04, 1.4817457292620080e-03,
       2.0674090933358001e-03, 3.6487557074545916e-04,
       1.1267029769150556e-03, 1.3422426082657724e-03,
       2.9670225817572096e-04, 1.4744122131910308e-03,
       2.0730275966048132e-03, 3.4855186166526925e-04,
       1.2386123318295420e-03, 1.3629456184354933e-03,
       2.7799885965679920e-04, 1.4856710980383654e-03,
       2.0708037931175842e-03, 3.7845058744064367e-04,
       1.1771473743554511e-03, 1.3202996730746412e-03,
       3.2799902251161376e-04, 1.4750021310731135e-03,
       2.0715000181388654e-03, 3.0921719164092392e-04,
       1.1340351855311909e-03, 1.3047132179560166e-03,
       3.2709478318235355e-04, 1.4730833087900548e-03,
       2.0735716676830978e-03, 3.2093259281264870e-04,
       1.1108933871819631e-03, 1.3082972731094501e-03,
       3.3048430377808838e-04, 1.4719251115196002e-03,
       2.0756293293880904e-03, 3.3600328121061841e-04,
       1.3985826020862233e-03, 1.4806049269369976e-03,
       3.1745626387942648e-04, 1.4797503946213347e-03,
       2.0663265277471136e-03, 3.0111292115735344e-04,
       1.2958014514509288e-03, 1.4097894685921714e-03,
       3.1060489765601963e-04, 1.4759685322966087e-03,
       2.0661534034812678e-03, 3.0409831998519908e-04,
       1.2085112448005527e-03, 1.3629038114119332e-03,
       3.0721634973338751e-04, 1.4732924777310929e-03,
       2.0679917951967959e-03, 3.1246341617798635e-04,
       1.1448092572114417e-03, 1.3346757758803762e-03,
       3.0762667808712315e-04, 1.4721085369283409e-03,
       2.0709179145899188e-03, 3.2468627992291875e-04,
       1.7758681279584599e-03, 1.7041133706411709e-03,
       2.6470168724161144e-04, 1.4783614350115744e-03,
       2.0605825054832295e-03, 3.3149176466718022e-04,
       1.1033762755056544e-03, 1.3219182362437750e-03,
       3.1196314400907491e-04, 1.4723235680279183e-03,
       2.0743232835410972e-03, 3.4011021937956017e-04,
       1.5678638295414100e-03, 1.5885222075413836e-03,
       2.9298147794484569e-04, 1.4789192011514286e-03,
       2.0626496688171884e-03, 3.1148174779143479e-04,
       1.4033224023183109e-03, 1.4813993757108973e-03,
       2.8782884546205525e-04, 1.4746549539319462e-03,
       2.0629621141141411e-03, 3.1568802355270742e-04,
       1.2775533982513519e-03, 1.4139568679739916e-03,
       2.8706973895270771e-04, 1.4726330244511955e-03,
       2.0654749980593373e-03, 3.2318647700500775e-04,
       1.1858025412793995e-03, 1.3682366965417979e-03,
       2.9026007017729532e-04, 1.4726928659294257e-03,
       2.0689713080324886e-03, 3.3389957668108339e-04,
       1.1261704106897666e-03, 1.3414759721127019e-03,
       2.9670208526026893e-04, 1.4742670749069810e-03,
       2.0728173621944769e-03, 3.4858443789203869e-04,
       1.7749537901801877e-03, 1.7013847807228163e-03,
       2.6449391327635366e-04, 1.4782874849746446e-03,
       2.0605779440776863e-03, 3.3193135154595418e-04,
       1.5389541119893723e-03, 1.5573460336425126e-03,
       2.6444783647178790e-04, 1.4747375069989897e-03,
       2.0612997276142184e-03, 3.3319759773278127e-04,
       1.3695347886165644e-03, 1.4628159658527269e-03,
       2.6836845127369257e-04, 1.4740791286212635e-03,
       2.0642936968655497e-03, 3.3822577054410080e-04,
       1.2518425193002380e-03, 1.3990877195927324e-03,
       2.7538797128528645e-04, 1.4754423928095750e-03,
       2.0678435294963736e-03, 3.4740484218077737e-04,
       1.5410100449681321e-03, 1.5604646005806478e-03,
       2.6450965391504192e-04, 1.4749974227776022e-03,
       2.0616869700724491e-03, 3.3328674793150489e-04,
       1.1728856456871381e-03, 1.3556668465642848e-03,
       2.8506902462252217e-04, 1.4783611460943019e-03,
       2.0715885863276050e-03, 3.6139075423249347e-04,
       1.9947589611802527e-03, 1.8258645031182679e-03,
       2.3415210016818172e-04, 1.4802010803668265e-03,
       2.0611201428757174e-03, 3.5398038093002542e-04,
       1.6725235365755912e-03, 1.6206687838573749e-03,
       2.4254601148193311e-04, 1.4778473867486188e-03,
       2.0611633926052603e-03, 3.5238445384695076e-04,
       1.4677315524103064e-03, 1.4971974593222454e-03,
       2.5276764381107150e-04, 1.4787798671396007e-03,
       2.0639309601303631e-03, 3.5606811086874530e-04,
       1.3290915828283591e-03, 1.4131768399168940e-03,
       2.6473605411612836e-04, 1.4815753769110757e-03,
       2.0670681471052646e-03, 3.6499312946882865e-04,
       1.2387457500624545e-03, 1.3628222949381105e-03,
       2.7804948484369915e-04, 1.4855358008180478e-03,
       2.0706132534440845e-03, 3.7828364531679944e-04,
       1.1771490922188454e-03, 1.3205720987809972e-03,
       3.2800887562556578e-04, 1.4749760778824765e-03,
       2.0714329754551049e-03, 3.0914916970687333e-04,
       1.1339634904688600e-03, 1.3056204122408868e-03,
       3.2718029291641318e-04, 1.4731797488110941e-03,
       2.0735693904000278e-03, 3.2069656823892475e-04,
       1.3706694539502614e-03, 1.4654324798182570e-03,
       2.6837611803419176e-04, 1.4742060954317697e-03,
       2.0645220707355633e-03, 3.3823244649049252e-04,
       1.1103902926279114e-03, 1.3070721975601779e-03,
       3.3039438236477290e-04, 1.4717010156189377e-03,
       2.0754174418177065e-03, 3.3612511782055621e-04,
       1.3968733129048317e-03, 1.4790099134215616e-03,
       3.1730775785751233e-04, 1.4795069079871080e-03,
       2.0660325890423069e-03, 3.0102170912420841e-04,
       1.2951314635216396e-03, 1.4095374369323280e-03,
       3.1059583545477230e-04, 1.4759185503951499e-03,
       2.0660532092962453e-03, 3.0396106588758868e-04,
       1.2106803162336959e-03, 1.3650768861907651e-03,
       3.0721657305943608e-04, 1.4733561007677441e-03,
       2.0680943290640589e-03, 3.1261444503713964e-04,
       1.1445173898051173e-03, 1.3348415900381106e-03,
       3.0766070943814958e-04, 1.4720567754126664e-03,
       2.0707825851776847e-03, 3.2453129305008433e-04,
       1.1033142219281434e-03, 1.3215254988074674e-03,
       3.1194383595470668e-04, 1.4724445729816359e-03,
       2.0745210660390728e-03, 3.4023074963156251e-04,
       1.5664798582513365e-03, 1.5862100348108515e-03,
       2.9281009325880087e-04, 1.4786912931313300e-03,
       2.0624052987680466e-03, 3.1161113580993035e-04,
       1.4057716237748765e-03, 1.4844438300603894e-03,
       2.8788894876735242e-04, 1.4747138278123019e-03,
       2.0630044223485687e-03, 3.1571857547690500e-04,
       1.2771178556439285e-03, 1.4134799271468693e-03,
       2.8708566235517041e-04, 1.4725489818790290e-03,
       2.0653322561953544e-03, 3.2309071970769280e-04,
       1.1863398890309361e-03, 1.3686395947466511e-03,
       2.9016615342762153e-04, 1.4727108325564464e-03,
       2.0690537707875006e-03, 3.3405129004698706e-04,
       1.2518545769037769e-03, 1.3997177877114577e-03,
       2.7555327144301877e-04, 1.4755540939792309e-03,
       2.0679802329757204e-03, 3.4722065971263226e-04,
       1.1258754480589590e-03, 1.3410977576429888e-03,
       2.9671202529584108e-04, 1.4741444203594215e-03,
       2.0726149456709859e-03, 3.4848920058914773e-04,
       1.7789381743270397e-03, 1.7063133860312208e-03,
       2.6461204847382305e-04, 1.4782926326582725e-03,
       2.0605221163600947e-03, 3.3174416714988977e-04,
       1.5431922157723582e-03, 1.5636606067871784e-03,
       2.6453051528773725e-04, 1.4750072173132808e-03,
       2.0616588708672395e-03, 3.3315517215942448e-04,
       1.3692805930440347e-03, 1.4618603034180281e-03,
       2.6828368612621560e-04, 1.4739956142852070e-03,
       2.0641884145634892e-03, 3.3833275458155804e-04,
       1.2512847522250731e-03, 1.3970085450553768e-03,
       2.7520604287510262e-04, 1.4756567594073706e-03,
       2.0681747353329446e-03, 3.4798168586314305e-04,
       1.1725825201876271e-03, 1.3551290301351121e-03,
       2.8512050339469256e-04, 1.4780985548262884e-03,
       2.0711794727568370e-03, 3.6120124997298162e-04,
       1.9911492439925339e-03, 1.8223005032431579e-03,
       2.3412898979279574e-04, 1.4801807761032938e-03,
       2.0610409200013773e-03, 3.5399928839455961e-04,
       1.6746765423102667e-03, 1.6227856667049285e-03,
       2.4240794195805375e-04, 1.4781048680621730e-03,
       2.0615698881992074e-03, 3.5266687455222650e-04,
       1.4682909278796838e-03, 1.4979558264418399e-03,
       2.5287889371438912e-04, 1.4788085410001000e-03,
       2.0639812676945305e-03, 3.5584744225210035e-04,
       1.3289500132113942e-03, 1.4126485810052475e-03,
       2.6482058254430764e-04, 1.4815758381678409e-03,
       2.0670412927278684e-03, 3.6495290422454082e-04,
       1.1727576203591828e-03, 1.3552212351885654e-03,
       2.8515680187710145e-04, 1.4783356316913914e-03,
       2.0715212893734386e-03, 3.6123280080418237e-04,
       1.2382530959816011e-03, 1.3628886112051464e-03,
       2.7779221184974522e-04, 1.4855467385300304e-03,
       2.0705972844007273e-03, 3.7868971019698285e-04,
       1.1767832662631021e-03, 1.3192315809238168e-03,
       3.2787247735397026e-04, 1.4748085126450633e-03,
       2.0713253308147330e-03, 3.0933938538186601e-04,
       1.1343624384950758e-03, 1.3053064807181923e-03,
       3.2708881119523681e-04, 1.4729482619116614e-03,
       2.0733414033369995e-03, 3.2081762246216399e-04,
       1.1106913238254688e-03, 1.3067088420023563e-03,
       3.3033933215490338e-04, 1.4717671106045330e-03,
       2.0756271449036117e-03, 3.3638293435043424e-04,
       1.4014546928245489e-03, 1.4840901447130475e-03,
       3.1772194912168655e-04, 1.4799447570201982e-03,
       2.0664441663539560e-03, 3.0095433156333655e-04,
       1.2967199184634483e-03, 1.4106210020817468e-03,
       3.1060053930964752e-04, 1.4759043932823116e-03,
       2.0660497818284986e-03, 3.0412964982893734e-04,
       1.2102654586804923e-03, 1.3647673065982672e-03,
       3.0717790518781739e-04, 1.4731833510689385e-03,
       2.0678324424274639e-03, 3.1250966280299081e-04,
       1.1450309837642630e-03, 1.3365464496666504e-03,
       3.0775646710698174e-04, 1.4721294994352637e-03,
       2.0707681507107049e-03, 3.2429205816351199e-04,
       1.9938328867000490e-03, 1.8240765438208829e-03,
       2.3402411150621523e-04, 1.4802612164709903e-03,
       2.0612601939009284e-03, 3.5442708428129943e-04,
       1.1036320290039548e-03, 1.3234386939611469e-03,
       3.1205191281278796e-04, 1.4723274791525276e-03,
       2.0741935656243514e-03, 3.3979401525430355e-04,
       1.5637902018303081e-03, 1.5830440866994241e-03,
       2.9264649399404926e-04, 1.4786185511081009e-03,
       2.0623639305651547e-03, 3.1161570260256364e-04,
       1.4065818196074195e-03, 1.4849250614413086e-03,
       2.8787102019570761e-04, 1.4747654697311863e-03,
       2.0631105843226870e-03, 3.1586751299781182e-04,
       1.2775490699879254e-03, 1.4145774439345521e-03,
       2.8711476317017884e-04, 1.4725546725761543e-03,
       2.0653049608157265e-03, 3.2300085136559249e-04,
       1.1856082589020460e-03, 1.3682361901731508e-03,
       2.9030411985969386e-04, 1.4726708928986881e-03,
       2.0688994065553535e-03, 3.3379158349680399e-04,
       1.1250769260381850e-03, 1.3398603291439823e-03,
       2.9671816516639132e-04, 1.4738654987016214e-03,
       2.0721981939188965e-03, 3.4844896790313439e-04,
       1.7813362654089961e-03, 1.7094039173966202e-03,
       2.6472462541327784e-04, 1.4784235924255756e-03,
       2.0606546493239252e-03, 3.3162850351740913e-04,
       1.5431799954972768e-03, 1.5628165271977116e-03,
       2.6444008705860805e-04, 1.4750212202210436e-03,
       2.0617283300468437e-03, 3.3336730750346062e-04,
       1.3695668926007260e-03, 1.4615057197185461e-03,
       2.6815946698546339e-04, 1.4740813025517034e-03,
       2.0643644533902038e-03, 3.3861051892591633e-04,
       1.2514497151741215e-03, 1.3979245113602367e-03,
       2.7536472865800313e-04, 1.4755867216651359e-03,
       2.0680413288048328e-03, 3.4763266274966614e-04,
       1.6752857935523940e-03, 1.6240373586967197e-03,
       2.4236781509868067e-04, 1.4782820516140538e-03,
       2.0618895712814678e-03, 3.5286588913150931e-04,
       1.1738780807632263e-03, 1.3580815801626422e-03,
       2.8495149602275702e-04, 1.4783742010912645e-03,
       2.0717095674405673e-03, 3.6132424261028473e-04,
       1.9910089836261196e-03, 1.8232134149581657e-03,
       2.3426371249134147e-04, 1.4800832207425725e-03,
       2.0608721137887363e-03, 3.5359687015379355e-04,
       1.6744407360176582e-03, 1.6226304161199841e-03,
       2.4239161924379459e-04, 1.4779743084005442e-03,
       2.0613933213754604e-03, 3.5261977216330940e-04,
       1.4682016683575385e-03, 1.4977301244198816e-03,
       2.5264253862245488e-04, 1.4789079979995862e-03,
       2.0641263838715330e-03, 3.5626889454559431e-04,
       1.3299332208646067e-03, 1.4148491824516440e-03,
       2.6480082451966878e-04, 1.4815506553921645e-03,
       2.0671222587949557e-03, 3.6468479357194757e-04,
       1.2382481887205081e-03, 1.3633453810214186e-03,
       2.7773099731675843e-04, 1.4857671787862038e-03,
       2.0709258047970852e-03, 3.7888052337020655e-04,
       1.1767957226924532e-03, 1.3211562395148558e-03,
       3.2807061141697024e-04, 1.4750582916532181e-03,
       2.0714488287188327e-03, 3.0895718349958641e-04,
       1.1335083995189686e-03, 1.3035424597955044e-03,
       3.2700735651671392e-04, 1.4729600055173357e-03,
       2.0734969163810502e-03, 3.2107391236843293e-04,
       1.4689226674794830e-03, 1.5002189380044404e-03,
       2.5271592731757129e-04, 1.4788943005552076e-03,
       2.0642152157495704e-03, 3.5600140612986476e-04,
       1.1103873748065237e-03, 1.3081292855337669e-03,
       3.3050313168027639e-04, 1.4718985479776846e-03,
       2.0755410662700005e-03, 3.3591523624250863e-04,
       1.3997271473938655e-03, 1.4818525784059747e-03,
       3.1754837836286514e-04, 1.4798245020437248e-03,
       2.0663794642645349e-03, 3.0108807631030820e-04,
       1.2945035687478967e-03, 1.4089050825098204e-03,
       3.1054989230045929e-04, 1.4758541492244756e-03,
       2.0659819308618517e-03, 3.0394477920300838e-04,
       1.2097301656426465e-03, 1.3641597261783401e-03,
       3.0720854086487633e-04, 1.4733211523187979e-03,
       2.0680386927435248e-03, 3.1254867965140954e-04,
       1.1445051216092646e-03, 1.3360588598450996e-03,
       3.0780773445989308e-04, 1.4722890603069947e-03,
       2.0709670162583796e-03, 3.2429301862017579e-04,
       1.1040891383062735e-03, 1.3233811174964590e-03,
       3.1200259341477448e-04, 1.4724210655607602e-03,
       2.0744217550424421e-03, 3.4003545399124058e-04,
       1.5614254877817765e-03, 1.5792136171087694e-03,
       2.9242908945416389e-04, 1.4784587384145027e-03,
       2.0622762200432567e-03, 3.1190171105430572e-04,
       1.4051267642551796e-03, 1.4836538883156495e-03,
       2.8787275990783170e-04, 1.4747329964968589e-03,
       2.0630414443139019e-03, 3.1572291133502735e-04,
       1.2769666563726093e-03, 1.4132137748725979e-03,
       2.8705608323717350e-04, 1.4724588814127536e-03,
       2.0652084375143644e-03, 3.2307643947713176e-04,
       1.1860148893973758e-03, 1.3678968606882212e-03,
       2.9013320343563041e-04, 1.4726150133670306e-03,
       2.0689312333637341e-03, 3.3408621521279364e-04,
       1.3308785354114640e-03, 1.4167146167645955e-03,
       2.6498059474248540e-04, 1.4816663519654743e-03,
       2.0673914597999794e-03, 3.6430113523770995e-04,
       1.1258477054989209e-03, 1.3407714568444955e-03,
       2.9665985104824734e-04, 1.4741843645999046e-03,
       2.0727222383551888e-03, 3.4870720458454350e-04,
       1.7770517769539003e-03, 1.7046843881791292e-03,
       2.6460589945257688e-04, 1.4782160188969713e-03,
       2.0603818387659313e-03, 3.3155953562225362e-04,
       1.5419854904892231e-03, 1.5623574333594055e-03,
       2.6454469498023153e-04, 1.4749003986085721e-03,
       2.0614883294666039e-03, 3.3304559818496258e-04,
       1.3696731601273325e-03, 1.4626293443670314e-03,
       2.6831947896504736e-04, 1.4741009542916846e-03,
       2.0643343600414985e-03, 3.3830941083772199e-04,
       1.2516880784146243e-03, 1.3982710630080196e-03,
       2.7528457046513091e-04, 1.4756231729376903e-03,
       2.0681214635097601e-03, 3.4774316934753341e-04,
       1.1725264673189738e-03, 1.3552427813737912e-03,
       2.8513308802642358e-04, 1.4781398245259311e-03,
       2.0712487779857166e-03, 3.6124571728462780e-04,
       1.9906283494899009e-03, 1.8219134252016251e-03,
       2.3413402664366293e-04, 1.4801503214481836e-03,
       2.0609877441234033e-03, 3.5394862806595811e-04,
       1.6744694658040091e-03, 1.6227084385613448e-03,
       2.4242514947663780e-04, 1.4780810160403735e-03,
       2.0615393471286477e-03, 3.5262964182766770e-04,
       1.4675273514424441e-03, 1.4964628977650178e-03,
       2.5281522958371362e-04, 1.4788198346834805e-03,
       2.0639522195190678e-03, 3.5607123655068639e-04,
       1.3293842102734836e-03, 1.4136328340135056e-03,
       2.6477391796923214e-04, 1.4815414025060479e-03,
       2.0670423685358696e-03, 3.6486307547629052e-04,
       1.2378518320811378e-03, 1.3614848294084545e-03,
       2.7792380598409355e-04, 1.4858300665113644e-03,
       2.0709110313153669e-03, 3.7885310164715723e-04,
       1.2383646271602999e-03, 1.3630141483284696e-03,
       2.7785312353662868e-04, 1.4856397044262523e-03,
       2.0707431993268201e-03, 3.7865636310886405e-04,
       1.1774804370756407e-03, 1.3223716126107208e-03,
       3.2820341322519435e-04, 1.4752761029881672e-03,
       2.0716720245203407e-03, 3.0888238479953741e-04,
       1.1340673048498417e-03, 1.3052581141832526e-03,
       3.2718247292162035e-04, 1.4731257937405482e-03,
       2.0735701577143631e-03, 3.2082945473607140e-04,
       1.1750883601914799e-03, 1.3204136811732123e-03,
       3.2808805267816574e-04, 1.4750832560294317e-03,
       2.0714185799592987e-03, 3.0870617480894207e-04,
       1.1108884565373194e-03, 1.3081640320438809e-03,
       3.3051390764183777e-04, 1.4721376027691622e-03,
       2.0759243191309225e-03, 3.3603350593668313e-04,
       1.3988504899545640e-03, 1.4812827611824556e-03,
       3.1755773795993968e-04, 1.4798819773830523e-03,
       2.0664723869364935e-03, 3.0102558822255645e-04,
       1.2943344055164003e-03, 1.4087675966965650e-03,
       3.1061188053659646e-04, 1.4760067780951306e-03,
       2.0661990549248922e-03, 3.0395786848143498e-04,
       1.2090564816281183e-03, 1.3653181328870474e-03,
       3.0738629285753552e-04, 1.4733815627140450e-03,
       2.0679680944324375e-03, 3.1218348306361082e-04,
       1.1448838749684449e-03, 1.3347618496155579e-03,
       3.0766705302046423e-04, 1.4722521873498054e-03,
       2.0711377244873514e-03, 3.2477413082919790e-04,
       1.1031159261734361e-03, 1.3214846588354766e-03,
       3.1198697447649406e-04, 1.4724983845632829e-03,
       2.0745481915766459e-03, 3.4012595018238247e-04,
       1.5663255353490623e-03, 1.5858290007817898e-03,
       2.9285649913010197e-04, 1.4788794338728333e-03,
       2.0627091348002623e-03, 3.1177180196534853e-04,
       1.4017139987538717e-03, 1.4826621616341716e-03,
       2.8810723376032079e-04, 1.4747582452244003e-03,
       2.0628862340245015e-03, 3.1498822327382422e-04,
       1.2772812071162683e-03, 1.4155236261233326e-03,
       2.8728428684561601e-04, 1.4727438633413339e-03,
       2.0655152259286976e-03, 3.2285881457628233e-04,
       1.1868449394258512e-03, 1.3715465959864793e-03,
       2.9039888571832229e-04, 1.4727756159131559e-03,
       2.0690176077515746e-03, 3.3358904461699090e-04,
       1.1327564784751620e-03, 1.3048031897018874e-03,
       3.2717342441653517e-04, 1.4731320990698765e-03,
       2.0734572177786873e-03, 3.2054809254043786e-04,
       1.1261124188528286e-03, 1.3412199047477544e-03,
       2.9675474090255750e-04, 1.4744099548312617e-03,
       2.0730135768459389e-03, 3.4858112326067894e-04,
       1.7760248187693067e-03, 1.7039558927872749e-03,
       2.6464874495102939e-04, 1.4782644778623757e-03,
       2.0604671591446452e-03, 3.3155612798544098e-04,
       1.5409477889347612e-03, 1.5613824895825293e-03,
       2.6459675174532471e-04, 1.4749154561888918e-03,
       2.0615208621111748e-03, 3.3303141922973596e-04,
       1.3730207983843599e-03, 1.4690811118116460e-03,
       2.6825006924698682e-04, 1.4743971297518882e-03,
       2.0648752028468087e-03, 3.3840173144864959e-04,
       1.2522237474044005e-03, 1.4010482238210873e-03,
       2.7556243910611001e-04, 1.4753451089307228e-03,
       2.0676965752177683e-03, 3.4697542587396480e-04,
       1.1737517368050666e-03, 1.3573885566139556e-03,
       2.8504778578424754e-04, 1.4785321374528786e-03,
       2.0718908757491016e-03, 3.6127706063402131e-04,
       1.9904108139798832e-03, 1.8207901477342613e-03,
       2.3399798795097385e-04, 1.4801409940962693e-03,
       2.0610506159939577e-03, 3.5439586028420338e-04,
       1.6774025693802382e-03, 1.6263887193291124e-03,
       2.4221720698329243e-04, 1.4783017966960084e-03,
       2.0619773904899164e-03, 3.5301275200060484e-04,
       1.4683121071106004e-03, 1.4990171405189184e-03,
       2.5288597427882607e-04, 1.4787835713849487e-03,
       2.0640083901686695e-03, 3.5577810925581089e-04,
       1.3302383402396829e-03, 1.4158028812793109e-03,
       2.6479612440828790e-04, 1.4815842655600132e-03,
       2.0672241323665681e-03, 3.6460938652252970e-04,
       1.1098409028522244e-03, 1.3066645523034104e-03,
       3.3037517193437293e-04, 1.4718312730633626e-03,
       2.0755495498068852e-03, 3.3603350441768445e-04,
       1.2382396401786997e-03, 1.3621429784810497e-03,
       2.7790590575480428e-04, 1.4857879870368703e-03,
       2.0708944325846519e-03, 3.7872540026838501e-04,
       1.1753210691516748e-03, 1.3203105397856343e-03,
       3.2806742903793802e-04, 1.4750304109829350e-03,
       2.0713804903617979e-03, 3.0879230275551701e-04,
       1.1338876246767761e-03, 1.3059393332599525e-03,
       3.2722195251981583e-04, 1.4731763369665383e-03,
       2.0735162395740625e-03, 3.2059593478802803e-04,
       1.1097318530271028e-03, 1.3051541307644778e-03,
       3.3025281143281662e-04, 1.4717458443054780e-03,
       2.0756476566214542e-03, 3.3643961074962601e-04,
       1.3975071560118491e-03, 1.4801198074944632e-03,
       3.1742645061457212e-04, 1.4796893681648310e-03,
       2.0662287353667881e-03, 3.0091524994747013e-04,
       1.2949966902335607e-03, 1.4098489810150142e-03,
       3.1064182204234311e-04, 1.4759132141839290e-03,
       2.0660120698125328e-03, 3.0385377270790898e-04,
       1.2091477086241971e-03, 1.3637101371956361e-03,
       3.0723583246137403e-04, 1.4733503993112243e-03,
       2.0680828354564178e-03, 3.1253254938753814e-04,
       1.1448869263736069e-03, 1.3348019934805607e-03,
       3.0762724588035632e-04, 1.4720678405545987e-03,
       2.0708679252252516e-03, 3.2468785558237420e-04,
       1.3983324591706333e-03, 1.4797458871382127e-03,
       3.1741130476807371e-04, 1.4797096725003018e-03,
       2.0663294040481508e-03, 3.0126780475931255e-04,
       1.1016539607203554e-03, 1.3197555154349640e-03,
       3.1193839237735543e-04, 1.4720264634862084e-03,
       2.0738312457750847e-03, 3.3991318594497704e-04,
       1.5649852744411632e-03, 1.5844708928821512e-03,
       2.9276140709281453e-04, 1.4787383020658552e-03,
       2.0625160768389318e-03, 3.1165834063681159e-04,
       1.4036279109319208e-03, 1.4831802959061043e-03,
       2.8797310222908264e-04, 1.4747671840946858e-03,
       2.0630169791140390e-03, 3.1543757926497828e-04,
       1.2777278703387516e-03, 1.4145990285839931e-03,
       2.8710741102522589e-04, 1.4726966905809430e-03,
       2.0655603904593924e-03, 3.2318182251327198e-04,
       1.1873969899839486e-03, 1.3710653454626612e-03,
       2.9022720244458914e-04, 1.4728782747915165e-03,
       2.0692716189089646e-03, 3.3395149358807349e-04,
       1.1257404603351188e-03, 1.3404838213096099e-03,
       2.9673307596839106e-04, 1.4743327418325547e-03,
       2.0728814646752995e-03, 3.4859772945844810e-04,
       1.7785218368430609e-03, 1.7067573492191420e-03,
       2.6471715433590813e-04, 1.4784016556811813e-03,
       2.0606453549045604e-03, 3.3158968822194121e-04,
       1.5417604223461419e-03, 1.5620337848642250e-03,
       2.6454391787483691e-04, 1.4749421616105766e-03,
       2.0615833510131952e-03, 3.3314678093869342e-04,
       1.3707402266277290e-03, 1.4645239973342476e-03,
       2.6819850096790115e-04, 1.4741947961991295e-03,
       2.0645665634665042e-03, 3.3854441645633668e-04,
       1.2523777516140744e-03, 1.4009227599338428e-03,
       2.7553586464101052e-04, 1.4755641795725894e-03,
       2.0680130184237478e-03, 3.4714879501524209e-04,
       1.2944519654274325e-03, 1.4088346926333993e-03,
       3.1059857027421076e-04, 1.4760069655579201e-03,
       2.0661897342661491e-03, 3.0394730924832941e-04,
       1.1731658620038872e-03, 1.3560867391166965e-03,
       2.8501510566312350e-04, 1.4784906857271993e-03,
       2.0718040028932148e-03, 3.6146884073262652e-04,
       1.9955429170065574e-03, 1.8261467106393029e-03,
       2.3409349004008579e-04, 1.4803316482310200e-03,
       2.0613582098419000e-03, 3.5428578039165053e-04,
       1.6780921766554790e-03, 1.6273783902322578e-03,
       2.4222762576945646e-04, 1.4783102636132972e-03,
       2.0620036643959725e-03, 3.5294723609503398e-04,
       1.4695608341578580e-03, 1.5012265324262086e-03,
       2.5270379273542007e-04, 1.4788841020800436e-03,
       2.0642282898831392e-03, 3.5591422824085128e-04,
       1.3300980419047505e-03, 1.4154285321167053e-03,
       2.6476154460518893e-04, 1.4817037345671248e-03,
       2.0673665783395648e-03, 3.6477010973772178e-04,
       1.2382909581222022e-03, 1.3623402335099114e-03,
       2.7790149315634881e-04, 1.4858734456231250e-03,
       2.0710244709529614e-03, 3.7876625847619249e-04,
       1.1763131481686924e-03, 1.3207006252646367e-03,
       3.2807942992851331e-04, 1.4750969573238796e-03,
       2.0715136295303242e-03, 3.0895076498446499e-04,
       1.1341989055132595e-03, 1.3065181364676915e-03,
       3.2727482172513950e-04, 1.4733618923143922e-03,
       2.0737367217640592e-03, 3.2059141427771197e-04,
       1.2101106970726896e-03, 1.3650506437731043e-03,
       3.0730466102590431e-04, 1.4735199447809336e-03,
       2.0682820767824357e-03, 3.1253374234448719e-04,
       1.1091656597227956e-03, 1.3055481205489882e-03,
       3.3034482039432663e-04, 1.4717407534964233e-03,
       2.0754891826079967e-03, 3.3616074866933254e-04,
       1.3973824499137798e-03, 1.4797882227885466e-03,
       3.1740974662039105e-04, 1.4796890985702921e-03,
       2.0662522712218876e-03, 3.0098680271873783e-04,
       1.2968376610862722e-03, 1.4111660835913311e-03,
       3.1070842443073609e-04, 1.4761118903305851e-03,
       2.0663092894019400e-03, 3.0409902743660947e-04,
       1.2101699704356796e-03, 1.3633614615879792e-03,
       3.0716797821421672e-04, 1.4735148462960105e-03,
       2.0684467639865687e-03, 3.1291529542812574e-04,
       1.1453852975469999e-03, 1.3361850320295254e-03,
       3.0771947276498143e-04, 1.4722442296292552e-03,
       2.0710304047629417e-03, 3.2455228445832818e-04,
       1.1031626934092024e-03, 1.3220048048100893e-03,
       3.1200953169920249e-04, 1.4724205385309717e-03,
       2.0743918206952206e-03, 3.3999371166509016e-04,
       1.5650445305165819e-03, 1.5838992215398856e-03,
       2.9271868197537149e-04, 1.4787231046365537e-03,
       2.0625417802547438e-03, 3.1183636347207640e-04,
       1.4029604223963429e-03, 1.4810730046962994e-03,
       2.8786759797232831e-04, 1.4747662811941435e-03,
       2.0631084277882832e-03, 3.1566923865719516e-04,
       1.2775806698851055e-03, 1.4154890464887630e-03,
       2.8720307068529386e-04, 1.4726208807744571e-03,
       2.0653716223626986e-03, 3.2291528923435972e-04,
       1.1866200393586123e-03, 1.3695580035843098e-03,
       2.9023389836973519e-04, 1.4728139623428511e-03,
       2.0691724749124273e-03, 3.3396779159281328e-04,
       1.1446370945317624e-03, 1.3343855368724835e-03,
       3.0765932815322562e-04, 1.4722003504269901e-03,
       2.0710564457443168e-03, 3.2472937197871281e-04,
       1.1260125158533284e-03, 1.3413515968508103e-03,
       2.9676523356941402e-04, 1.4743164944313000e-03,
       2.0728433986813683e-03, 3.4847897303799278e-04,
       1.7809711574882196e-03, 1.7074291285373486e-03,
       2.6461263838993689e-04, 1.4785337837859324e-03,
       2.0609453772194538e-03, 3.3219001340515367e-04,
       1.5425352031166787e-03, 1.5621992747100926e-03,
       2.6446973140242049e-04, 1.4750474444476364e-03,
       2.0617767076258615e-03, 3.3337748605750164e-04,
       1.3704170955229950e-03, 1.4636276522446891e-03,
       2.6820260939918849e-04, 1.4742463869985786e-03,
       2.0646282269326829e-03, 3.3859787231704910e-04,
       1.2523823651013441e-03, 1.4004846940647733e-03,
       2.7547186895618479e-04, 1.4757067194025744e-03,
       2.0682325327526768e-03, 3.4736140269318730e-04,
       1.1724470530390773e-03, 1.3544978468072511e-03,
       2.8511027473028793e-04, 1.4783999182387973e-03,
       2.0716014124064807e-03, 3.6146105139382001e-04,
       1.9920303118262980e-03, 1.8221305051248531e-03,
       2.3396611534918406e-04, 1.4802319073867337e-03,
       2.0611968619714117e-03, 3.5449315751296366e-04,
       1.6774840524761347e-03, 1.6265389252007585e-03,
       2.4222798574227445e-04, 1.4782481447109623e-03,
       2.0618993336258200e-03, 3.5294280582084600e-04,
       1.4677467507256245e-03, 1.4977600153753571e-03,
       2.5282676538782321e-04, 1.4788045904940775e-03,
       2.0639965655489009e-03, 3.5597797211061271e-04,
       1.3308072086819450e-03, 1.4169026517152025e-03,
       2.6470223064152109e-04, 1.4818071473605933e-03,
       2.0675797982429799e-03, 3.6472431251359288e-04 ]
board_width: 7
board_height: 5
square_size: 2.8699999675154686e-02
