%YAML:1.0
---
object_points:
   - [ 0., 0., 0., 2.86999997e-02, 0., 0., 5.73999994e-02, 0., 0.,
       8.60999972e-02, 0., 0., 1.14799999e-01, 0., 0., 0.,
       2.86999997e-02, 0., 2.86999997e-02, 2.86999997e-02, 0.,
       5.73999994e-02, 2.86999997e-02, 0., 8.60999972e-02,
       2.86999997e-02, 0., 1.14799999e-01, 2.86999997e-02, 0., 0.,
       5.73999994e-02, 0., 2.86999997e-02, 5.73999994e-02, 0.,
       5.73999994e-02, 5.73999994e-02, 0., 8.60999972e-02,
       5.73999994e-02, 0., 1.14799999e-01, 5.73999994e-02, 0., 0.,
       8.60999972e-02, 0., 2.86999997e-02, 8.60999972e-02, 0.,
       5.73999994e-02, 8.60999972e-02, 0., 8.60999972e-02,
       8.60999972e-02, 0., 1.14799999e-01, 8.60999972e-02, 0., 0.,
       1.14799999e-01, 0., 2.86999997e-02, 1.14799999e-01, 0.,
       5.73999994e-02, 1.14799999e-01, 0., 8.60999972e-02,
       1.14799999e-01, 0., 1.14799999e-01, 1.14799999e-01, 0., 0.,
       1.43500000e-01, 0., 2.86999997e-02, 1.43500000e-01, 0.,
       5.73999994e-02, 1.43500000e-01, 0., 8.60999972e-02,
       1.43500000e-01, 0., 1.14799999e-01, 1.43500000e-01, 0., 0.,
       1.72199994e-01, 0., 2.86999997e-02, 1.72199994e-01, 0.,
       5.73999994e-02, 1.72199994e-01, 0., 8.60999972e-02,
       1.72199994e-01, 0., 1.14799999e-01, 1.72199994e-01, 0. ]
   - [ 0., 0., 0., 2.86999997e-02, 0., 0., 5.73999994e-02, 0., 0.,
       8.60999972e-02, 0., 0., 1.14799999e-01, 0., 0., 0.,
       2.86999997e-02, 0., 2.86999997e-02, 2.86999997e-02, 0.,
       5.73999994e-02, 2.86999997e-02, 0., 8.60999972e-02,
       2.86999997e-02, 0., 1.14799999e-01, 2.86999997e-02, 0., 0.,
       5.73999994e-02, 0., 2.86999997e-02, 5.73999994e-02, 0.,
       5.73999994e-02, 5.73999994e-02, 0., 8.60999972e-02,
       5.73999994e-02, 0., 1.14799999e-01, 5.73999994e-02, 0., 0.,
       8.60999972e-02, 0., 2.86999997e-02, 8.60999972e-02, 0.,
       5.73999994e-02, 8.60999972e-02, 0., 8.60999972e-02,
       8.60999972e-02, 0., 1.14799999e-01, 8.60999972e-02, 0., 0.,
       1.14799999e-01, 0., 2.86999997e-02, 1.14799999e-01, 0.,
       5.73999994e-02, 1.14799999e-01, 0., 8.60999972e-02,
       1.14799999e-01, 0., 1.14799999e-01, 1.14799999e-01, 0., 0.,
       1.43500000e-01, 0., 2.86999997e-02, 1.43500000e-01, 0.,
       5.73999994e-02, 1.43500000e-01, 0., 8.60999972e-02,
       1.43500000e-01, 0., 1.14799999e-01, 1.43500000e-01, 0., 0.,
       1.72199994e-01, 0., 2.86999997e-02, 1.72199994e-01, 0.,
       5.73999994e-02, 1.72199994e-01, 0., 8.60999972e-02,
       1.72199994e-01, 0., 1.14799999e-01, 1.72199994e-01, 0. ]
   - [ 0., 0., 0., 2.86999997e-02, 0., 0., 5.73999994e-02, 0., 0.,
       8.60999972e-02, 0., 0., 1.14799999e-01, 0., 0., 0.,
       2.86999997e-02, 0., 2.86999997e-02, 2.86999997e-02, 0.,
       5.73999994e-02, 2.86999997e-02, 0., 8.60999972e-02,
       2.86999997e-02, 0., 1.14799999e-01, 2.86999997e-02, 0., 0.,
       5.73999994e-02, 0., 2.86999997e-02, 5.73999994e-02, 0.,
       5.73999994e-02, 5.73999994e-02, 0., 8.60999972e-02,
       5.73999994e-02, 0., 1.14799999e-01, 5.73999994e-02, 0., 0.,
       8.60999972e-02, 0., 2.86999997e-02, 8.60999972e-02, 0.,
       5.73999994e-02, 8.60999972e-02, 0., 8.60999972e-02,
       8.60999972e-02, 0., 1.14799999e-01, 8.60999972e-02, 0., 0.,
       1.14799999e-01, 0., 2.86999997e-02, 1.14799999e-01, 0.,
       5.73999994e-02, 1.14799999e-01, 0., 8.60999972e-02,
       1.14799999e-01, 0., 1.14799999e-01, 1.14799999e-01, 0., 0.,
       1.43500000e-01, 0., 2.86999997e-02, 1.43500000e-01, 0.,
       5.73999994e-02, 1.43500000e-01, 0., 8.60999972e-02,
       1.43500000e-01, 0., 1.14799999e-01, 1.43500000e-01, 0., 0.,
       1.72199994e-01, 0., 2.86999997e-02, 1.72199994e-01, 0.,
       5.73999994e-02, 1.72199994e-01, 0., 8.60999972e-02,
       1.72199994e-01, 0., 1.14799999e-01, 1.72199994e-01, 0. ]
   - [ 0., 0., 0., 2.86999997e-02, 0., 0., 5.73999994e-02, 0., 0.,
       8.60999972e-02, 0., 0., 1.14799999e-01, 0., 0., 0.,
       2.86999997e-02, 0., 2.86999997e-02, 2.86999997e-02, 0.,
       5.73999994e-02, 2.86999997e-02, 0., 8.60999972e-02,
       2.86999997e-02, 0., 1.14799999e-01, 2.86999997e-02, 0., 0.,
       5.73999994e-02, 0., 2.86999997e-02, 5.73999994e-02, 0.,
       5.73999994e-02, 5.73999994e-02, 0., 8.60999972e-02,
       5.73999994e-02, 0., 1.14799999e-01, 5.73999994e-02, 0., 0.,
       8.60999972e-02, 0., 2.86999997e-02, 8.60999972e-02, 0.,
       5.73999994e-02, 8.60999972e-02, 0., 8.60999972e-02,
       8.60999972e-02, 0., 1.14799999e-01, 8.60999972e-02, 0., 0.,
       1.14799999e-01, 0., 2.86999997e-02, 1.14799999e-01, 0.,
       5.73999994e-02, 1.14799999e-01, 0., 8.60999972e-02,
       1.14799999e-01, 0., 1.14799999e-01, 1.14799999e-01, 0., 0.,
       1.43500000e-01, 0., 2.86999997e-02, 1.43500000e-01, 0.,
       5.73999994e-02, 1.43500000e-01, 0., 8.60999972e-02,
       1.43500000e-01, 0., 1.14799999e-01, 1.43500000e-01, 0., 0.,
       1.72199994e-01, 0., 2.86999997e-02, 1.72199994e-01, 0.,
       5.73999994e-02, 1.72199994e-01, 0., 8.60999972e-02,
       1.72199994e-01, 0., 1.14799999e-01, 1.72199994e-01, 0. ]
   - [ 0., 0., 0., 2.86999997e-02, 0., 0., 5.73999994e-02, 0., 0.,
       8.60999972e-02, 0., 0., 1.14799999e-01, 0., 0., 0.,
       2.86999997e-02, 0., 2.86999997e-02, 2.86999997e-02, 0.,
       5.73999994e-02, 2.86999997e-02, 0., 8.60999972e-02,
       2.86999997e-02, 0., 1.14799999e-01, 2.86999997e-02, 0., 0.,
       5.73999994e-02, 0., 2.86999997e-02, 5.73999994e-02, 0.,
       5.73999994e-02, 5.73999994e-02, 0., 8.60999972e-02,
       5.73999994e-02, 0., 1.14799999e-01, 5.73999994e-02, 0., 0.,
       8.60999972e-02, 0., 2.86999997e-02, 8.60999972e-02, 0.,
       5.73999994e-02, 8.60999972e-02, 0., 8.60999972e-02,
       8.60999972e-02, 0., 1.14799999e-01, 8.60999972e-02, 0., 0.,
       1.14799999e-01, 0., 2.86999997e-02, 1.14799999e-01, 0.,
       5.73999994e-02, 1.14799999e-01, 0., 8.60999972e-02,
       1.14799999e-01, 0., 1.14799999e-01, 1.14799999e-01, 0., 0.,
       1.43500000e-01, 0., 2.86999997e-02, 1.43500000e-01, 0.,
       5.73999994e-02, 1.43500000e-01, 0., 8.60999972e-02,
       1.43500000e-01, 0., 1.14799999e-01, 1.43500000e-01, 0., 0.,
       1.72199994e-01, 0., 2.86999997e-02, 1.72199994e-01, 0.,
       5.73999994e-02, 1.72199994e-01, 0., 8.60999972e-02,
       1.72199994e-01, 0., 1.14799999e-01, 1.72199994e-01, 0. ]
   - [ 0., 0., 0., 2.86999997e-02, 0., 0., 5.73999994e-02, 0., 0.,
       8.60999972e-02, 0., 0., 1.14799999e-01, 0., 0., 0.,
       2.86999997e-02, 0., 2.86999997e-02, 2.86999997e-02, 0.,
       5.73999994e-02, 2.86999997e-02, 0., 8.60999972e-02,
       2.86999997e-02, 0., 1.14799999e-01, 2.86999997e-02, 0., 0.,
       5.73999994e-02, 0., 2.86999997e-02, 5.73999994e-02, 0.,
       5.73999994e-02, 5.73999994e-02, 0., 8.60999972e-02,
       5.73999994e-02, 0., 1.14799999e-01, 5.73999994e-02, 0., 0.,
       8.60999972e-02, 0., 2.86999997e-02, 8.60999972e-02, 0.,
       5.73999994e-02, 8.60999972e-02, 0., 8.60999972e-02,
       8.60999972e-02, 0., 1.14799999e-01, 8.60999972e-02, 0., 0.,
       1.14799999e-01, 0., 2.86999997e-02, 1.14799999e-01, 0.,
       5.73999994e-02, 1.14799999e-01, 0., 8.60999972e-02,
       1.14799999e-01, 0., 1.14799999e-01, 1.14799999e-01, 0., 0.,
       1.43500000e-01, 0., 2.86999997e-02, 1.43500000e-01, 0.,
       5.73999994e-02, 1.43500000e-01, 0., 8.60999972e-02,
       1.43500000e-01, 0., 1.14799999e-01, 1.43500000e-01, 0., 0.,
       1.72199994e-01, 0., 2.86999997e-02, 1.72199994e-01, 0.,
       5.73999994e-02, 1.72199994e-01, 0., 8.60999972e-02,
       1.72199994e-01, 0., 1.14799999e-01, 1.72199994e-01, 0. ]
   - [ 0., 0., 0., 2.86999997e-02, 0., 0., 5.73999994e-02, 0., 0.,
       8.60999972e-02, 0., 0., 1.14799999e-01, 0., 0., 0.,
       2.86999997e-02, 0., 2.86999997e-02, 2.86999997e-02, 0.,
       5.73999994e-02, 2.86999997e-02, 0., 8.60999972e-02,
       2.86999997e-02, 0., 1.14799999e-01, 2.86999997e-02, 0., 0.,
       5.73999994e-02, 0., 2.86999997e-02, 5.73999994e-02, 0.,
       5.73999994e-02, 5.73999994e-02, 0., 8.60999972e-02,
       5.73999994e-02, 0., 1.14799999e-01, 5.73999994e-02, 0., 0.,
       8.60999972e-02, 0., 2.86999997e-02, 8.60999972e-02, 0.,
       5.73999994e-02, 8.60999972e-02, 0., 8.60999972e-02,
       8.60999972e-02, 0., 1.14799999e-01, 8.60999972e-02, 0., 0.,
       1.14799999e-01, 0., 2.86999997e-02, 1.14799999e-01, 0.,
       5.73999994e-02, 1.14799999e-01, 0., 8.60999972e-02,
       1.14799999e-01, 0., 1.14799999e-01, 1.14799999e-01, 0., 0.,
       1.43500000e-01, 0., 2.86999997e-02, 1.43500000e-01, 0.,
       5.73999994e-02, 1.43500000e-01, 0., 8.60999972e-02,
       1.43500000e-01, 0., 1.14799999e-01, 1.43500000e-01, 0., 0.,
       1.72199994e-01, 0., 2.86999997e-02, 1.72199994e-01, 0.,
       5.73999994e-02, 1.72199994e-01, 0., 8.60999972e-02,
       1.72199994e-01, 0., 1.14799999e-01, 1.72199994e-01, 0. ]
   - [ 0., 0., 0., 2.86999997e-02, 0., 0., 5.73999994e-02, 0., 0.,
       8.60999972e-02, 0., 0., 1.14799999e-01, 0., 0., 0.,
       2.86999997e-02, 0., 2.86999997e-02, 2.86999997e-02, 0.,
       5.73999994e-02, 2.86999997e-02, 0., 8.60999972e-02,
       2.86999997e-02, 0., 1.14799999e-01, 2.86999997e-02, 0., 0.,
       5.73999994e-02, 0., 2.86999997e-02, 5.73999994e-02, 0.,
       5.73999994e-02, 5.73999994e-02, 0., 8.60999972e-02,
       5.73999994e-02, 0., 1.14799999e-01, 5.73999994e-02, 0., 0.,
       8.60999972e-02, 0., 2.86999997e-02, 8.60999972e-02, 0.,
       5.73999994e-02, 8.60999972e-02, 0., 8.60999972e-02,
       8.60999972e-02, 0., 1.14799999e-01, 8.60999972e-02, 0., 0.,
       1.14799999e-01, 0., 2.86999997e-02, 1.14799999e-01, 0.,
       5.73999994e-02, 1.14799999e-01, 0., 8.60999972e-02,
       1.14799999e-01, 0., 1.14799999e-01, 1.14799999e-01, 0., 0.,
       1.43500000e-01, 0., 2.86999997e-02, 1.43500000e-01, 0.,
       5.73999994e-02, 1.43500000e-01, 0., 8.60999972e-02,
       1.43500000e-01, 0., 1.14799999e-01, 1.43500000e-01, 0., 0.,
       1.72199994e-01, 0., 2.86999997e-02, 1.72199994e-01, 0.,
       5.73999994e-02, 1.72199994e-01, 0., 8.60999972e-02,
       1.72199994e-01, 0., 1.14799999e-01, 1.72199994e-01, 0. ]
   - [ 0., 0., 0., 2.86999997e-02, 0., 0., 5.73999994e-02, 0., 0.,
       8.60999972e-02, 0., 0., 1.14799999e-01, 0., 0., 0.,
       2.86999997e-02, 0., 2.86999997e-02, 2.86999997e-02, 0.,
       5.73999994e-02, 2.86999997e-02, 0., 8.60999972e-02,
       2.86999997e-02, 0., 1.14799999e-01, 2.86999997e-02, 0., 0.,
       5.73999994e-02, 0., 2.86999997e-02, 5.73999994e-02, 0.,
       5.73999994e-02, 5.73999994e-02, 0., 8.60999972e-02,
       5.73999994e-02, 0., 1.14799999e-01, 5.73999994e-02, 0., 0.,
       8.60999972e-02, 0., 2.86999997e-02, 8.60999972e-02, 0.,
       5.73999994e-02, 8.60999972e-02, 0., 8.60999972e-02,
       8.60999972e-02, 0., 1.14799999e-01, 8.60999972e-02, 0., 0.,
       1.14799999e-01, 0., 2.86999997e-02, 1.14799999e-01, 0.,
       5.73999994e-02, 1.14799999e-01, 0., 8.60999972e-02,
       1.14799999e-01, 0., 1.14799999e-01, 1.14799999e-01, 0., 0.,
       1.43500000e-01, 0., 2.86999997e-02, 1.43500000e-01, 0.,
       5.73999994e-02, 1.43500000e-01, 0., 8.60999972e-02,
       1.43500000e-01, 0., 1.14799999e-01, 1.43500000e-01, 0., 0.,
       1.72199994e-01, 0., 2.86999997e-02, 1.72199994e-01, 0.,
       5.73999994e-02, 1.72199994e-01, 0., 8.60999972e-02,
       1.72199994e-01, 0., 1.14799999e-01, 1.72199994e-01, 0. ]
   - [ 0., 0., 0., 2.86999997e-02, 0., 0., 5.73999994e-02, 0., 0.,
       8.60999972e-02, 0., 0., 1.14799999e-01, 0., 0., 0.,
       2.86999997e-02, 0., 2.86999997e-02, 2.86999997e-02, 0.,
       5.73999994e-02, 2.86999997e-02, 0., 8.60999972e-02,
       2.86999997e-02, 0., 1.14799999e-01, 2.86999997e-02, 0., 0.,
       5.73999994e-02, 0., 2.86999997e-02, 5.73999994e-02, 0.,
       5.73999994e-02, 5.73999994e-02, 0., 8.60999972e-02,
       5.73999994e-02, 0., 1.14799999e-01, 5.73999994e-02, 0., 0.,
       8.60999972e-02, 0., 2.86999997e-02, 8.60999972e-02, 0.,
       5.73999994e-02, 8.60999972e-02, 0., 8.60999972e-02,
       8.60999972e-02, 0., 1.14799999e-01, 8.60999972e-02, 0., 0.,
       1.14799999e-01, 0., 2.86999997e-02, 1.14799999e-01, 0.,
       5.73999994e-02, 1.14799999e-01, 0., 8.60999972e-02,
       1.14799999e-01, 0., 1.14799999e-01, 1.14799999e-01, 0., 0.,
       1.43500000e-01, 0., 2.86999997e-02, 1.43500000e-01, 0.,
       5.73999994e-02, 1.43500000e-01, 0., 8.60999972e-02,
       1.43500000e-01, 0., 1.14799999e-01, 1.43500000e-01, 0., 0.,
       1.72199994e-01, 0., 2.86999997e-02, 1.72199994e-01, 0.,
       5.73999994e-02, 1.72199994e-01, 0., 8.60999972e-02,
       1.72199994e-01, 0., 1.14799999e-01, 1.72199994e-01, 0. ]
   - [ 0., 0., 0., 2.86999997e-02, 0., 0., 5.73999994e-02, 0., 0.,
       8.60999972e-02, 0., 0., 1.14799999e-01, 0., 0., 0.,
       2.86999997e-02, 0., 2.86999997e-02, 2.86999997e-02, 0.,
       5.73999994e-02, 2.86999997e-02, 0., 8.60999972e-02,
       2.86999997e-02, 0., 1.14799999e-01, 2.86999997e-02, 0., 0.,
       5.73999994e-02, 0., 2.86999997e-02, 5.73999994e-02, 0.,
       5.73999994e-02, 5.73999994e-02, 0., 8.60999972e-02,
       5.73999994e-02, 0., 1.14799999e-01, 5.73999994e-02, 0., 0.,
       8.60999972e-02, 0., 2.86999997e-02, 8.60999972e-02, 0.,
       5.73999994e-02, 8.60999972e-02, 0., 8.60999972e-02,
       8.60999972e-02, 0., 1.14799999e-01, 8.60999972e-02, 0., 0.,
       1.14799999e-01, 0., 2.86999997e-02, 1.14799999e-01, 0.,
       5.73999994e-02, 1.14799999e-01, 0., 8.60999972e-02,
       1.14799999e-01, 0., 1.14799999e-01, 1.14799999e-01, 0., 0.,
       1.43500000e-01, 0., 2.86999997e-02, 1.43500000e-01, 0.,
       5.73999994e-02, 1.43500000e-01, 0., 8.60999972e-02,
       1.43500000e-01, 0., 1.14799999e-01, 1.43500000e-01, 0., 0.,
       1.72199994e-01, 0., 2.86999997e-02, 1.72199994e-01, 0.,
       5.73999994e-02, 1.72199994e-01, 0., 8.60999972e-02,
       1.72199994e-01, 0., 1.14799999e-01, 1.72199994e-01, 0. ]
   - [ 0., 0., 0., 2.86999997e-02, 0., 0., 5.73999994e-02, 0., 0.,
       8.60999972e-02, 0., 0., 1.14799999e-01, 0., 0., 0.,
       2.86999997e-02, 0., 2.86999997e-02, 2.86999997e-02, 0.,
       5.73999994e-02, 2.86999997e-02, 0., 8.60999972e-02,
       2.86999997e-02, 0., 1.14799999e-01, 2.86999997e-02, 0., 0.,
       5.73999994e-02, 0., 2.86999997e-02, 5.73999994e-02, 0.,
       5.73999994e-02, 5.73999994e-02, 0., 8.60999972e-02,
       5.73999994e-02, 0., 1.14799999e-01, 5.73999994e-02, 0., 0.,
       8.60999972e-02, 0., 2.86999997e-02, 8.60999972e-02, 0.,
       5.73999994e-02, 8.60999972e-02, 0., 8.60999972e-02,
       8.60999972e-02, 0., 1.14799999e-01, 8.60999972e-02, 0., 0.,
       1.14799999e-01, 0., 2.86999997e-02, 1.14799999e-01, 0.,
       5.73999994e-02, 1.14799999e-01, 0., 8.60999972e-02,
       1.14799999e-01, 0., 1.14799999e-01, 1.14799999e-01, 0., 0.,
       1.43500000e-01, 0., 2.86999997e-02, 1.43500000e-01, 0.,
       5.73999994e-02, 1.43500000e-01, 0., 8.60999972e-02,
       1.43500000e-01, 0., 1.14799999e-01, 1.43500000e-01, 0., 0.,
       1.72199994e-01, 0., 2.86999997e-02, 1.72199994e-01, 0.,
       5.73999994e-02, 1.72199994e-01, 0., 8.60999972e-02,
       1.72199994e-01, 0., 1.14799999e-01, 1.72199994e-01, 0. ]
   - [ 0., 0., 0., 2.86999997e-02, 0., 0., 5.73999994e-02, 0., 0.,
       8.60999972e-02, 0., 0., 1.14799999e-01, 0., 0., 0.,
       2.86999997e-02, 0., 2.86999997e-02, 2.86999997e-02, 0.,
       5.73999994e-02, 2.86999997e-02, 0., 8.60999972e-02,
       2.86999997e-02, 0., 1.14799999e-01, 2.86999997e-02, 0., 0.,
       5.73999994e-02, 0., 2.86999997e-02, 5.73999994e-02, 0.,
       5.73999994e-02, 5.73999994e-02, 0., 8.60999972e-02,
       5.73999994e-02, 0., 1.14799999e-01, 5.73999994e-02, 0., 0.,
       8.60999972e-02, 0., 2.86999997e-02, 8.60999972e-02, 0.,
       5.73999994e-02, 8.60999972e-02, 0., 8.60999972e-02,
       8.60999972e-02, 0., 1.14799999e-01, 8.60999972e-02, 0., 0.,
       1.14799999e-01, 0., 2.86999997e-02, 1.14799999e-01, 0.,
       5.73999994e-02, 1.14799999e-01, 0., 8.60999972e-02,
       1.14799999e-01, 0., 1.14799999e-01, 1.14799999e-01, 0., 0.,
       1.43500000e-01, 0., 2.86999997e-02, 1.43500000e-01, 0.,
       5.73999994e-02, 1.43500000e-01, 0., 8.60999972e-02,
       1.43500000e-01, 0., 1.14799999e-01, 1.43500000e-01, 0., 0.,
       1.72199994e-01, 0., 2.86999997e-02, 1.72199994e-01, 0.,
       5.73999994e-02, 1.72199994e-01, 0., 8.60999972e-02,
       1.72199994e-01, 0., 1.14799999e-01, 1.72199994e-01, 0. ]
   - [ 0., 0., 0., 2.86999997e-02, 0., 0., 5.73999994e-02, 0., 0.,
       8.60999972e-02, 0., 0., 1.14799999e-01, 0., 0., 0.,
       2.86999997e-02, 0., 2.86999997e-02, 2.86999997e-02, 0.,
       5.73999994e-02, 2.86999997e-02, 0., 8.60999972e-02,
       2.86999997e-02, 0., 1.14799999e-01, 2.86999997e-02, 0., 0.,
       5.73999994e-02, 0., 2.86999997e-02, 5.73999994e-02, 0.,
       5.73999994e-02, 5.73999994e-02, 0., 8.60999972e-02,
       5.73999994e-02, 0., 1.14799999e-01, 5.73999994e-02, 0., 0.,
       8.60999972e-02, 0., 2.86999997e-02, 8.60999972e-02, 0.,
       5.73999994e-02, 8.60999972e-02, 0., 8.60999972e-02,
       8.60999972e-02, 0., 1.14799999e-01, 8.60999972e-02, 0., 0.,
       1.14799999e-01, 0., 2.86999997e-02, 1.14799999e-01, 0.,
       5.73999994e-02, 1.14799999e-01, 0., 8.60999972e-02,
       1.14799999e-01, 0., 1.14799999e-01, 1.14799999e-01, 0., 0.,
       1.43500000e-01, 0., 2.86999997e-02, 1.43500000e-01, 0.,
       5.73999994e-02, 1.43500000e-01, 0., 8.60999972e-02,
       1.43500000e-01, 0., 1.14799999e-01, 1.43500000e-01, 0., 0.,
       1.72199994e-01, 0., 2.86999997e-02, 1.72199994e-01, 0.,
       5.73999994e-02, 1.72199994e-01, 0., 8.60999972e-02,
       1.72199994e-01, 0., 1.14799999e-01, 1.72199994e-01, 0. ]
   - [ 0., 0., 0., 2.86999997e-02, 0., 0., 5.73999994e-02, 0., 0.,
       8.60999972e-02, 0., 0., 1.14799999e-01, 0., 0., 0.,
       2.86999997e-02, 0., 2.86999997e-02, 2.86999997e-02, 0.,
       5.73999994e-02, 2.86999997e-02, 0., 8.60999972e-02,
       2.86999997e-02, 0., 1.14799999e-01, 2.86999997e-02, 0., 0.,
       5.73999994e-02, 0., 2.86999997e-02, 5.73999994e-02, 0.,
       5.73999994e-02, 5.73999994e-02, 0., 8.60999972e-02,
       5.73999994e-02, 0., 1.14799999e-01, 5.73999994e-02, 0., 0.,
       8.60999972e-02, 0., 2.86999997e-02, 8.60999972e-02, 0.,
       5.73999994e-02, 8.60999972e-02, 0., 8.60999972e-02,
       8.60999972e-02, 0., 1.14799999e-01, 8.60999972e-02, 0., 0.,
       1.14799999e-01, 0., 2.86999997e-02, 1.14799999e-01, 0.,
       5.73999994e-02, 1.14799999e-01, 0., 8.60999972e-02,
       1.14799999e-01, 0., 1.14799999e-01, 1.14799999e-01, 0., 0.,
       1.43500000e-01, 0., 2.86999997e-02, 1.43500000e-01, 0.,
       5.73999994e-02, 1.43500000e-01, 0., 8.60999972e-02,
       1.43500000e-01, 0., 1.14799999e-01, 1.43500000e-01, 0., 0.,
       1.72199994e-01, 0., 2.86999997e-02, 1.72199994e-01, 0.,
       5.73999994e-02, 1.72199994e-01, 0., 8.60999972e-02,
       1.72199994e-01, 0., 1.14799999e-01, 1.72199994e-01, 0. ]
   - [ 0., 0., 0., 2.86999997e-02, 0., 0., 5.73999994e-02, 0., 0.,
       8.60999972e-02, 0., 0., 1.14799999e-01, 0., 0., 0.,
       2.86999997e-02, 0., 2.86999997e-02, 2.86999997e-02, 0.,
       5.73999994e-02, 2.86999997e-02, 0., 8.60999972e-02,
       2.86999997e-02, 0., 1.14799999e-01, 2.86999997e-02, 0., 0.,
       5.73999994e-02, 0., 2.86999997e-02, 5.73999994e-02, 0.,
       5.73999994e-02, 5.73999994e-02, 0., 8.60999972e-02,
       5.73999994e-02, 0., 1.14799999e-01, 5.73999994e-02, 0., 0.,
       8.60999972e-02, 0., 2.86999997e-02, 8.60999972e-02, 0.,
       5.73999994e-02, 8.60999972e-02, 0., 8.60999972e-02,
       8.60999972e-02, 0., 1.14799999e-01, 8.60999972e-02, 0., 0.,
       1.14799999e-01, 0., 2.86999997e-02, 1.14799999e-01, 0.,
       5.73999994e-02, 1.14799999e-01, 0., 8.60999972e-02,
       1.14799999e-01, 0., 1.14799999e-01, 1.14799999e-01, 0., 0.,
       1.43500000e-01, 0., 2.86999997e-02, 1.43500000e-01, 0.,
       5.73999994e-02, 1.43500000e-01, 0., 8.60999972e-02,
       1.43500000e-01, 0., 1.14799999e-01, 1.43500000e-01, 0., 0.,
       1.72199994e-01, 0., 2.86999997e-02, 1.72199994e-01, 0.,
       5.73999994e-02, 1.72199994e-01, 0., 8.60999972e-02,
       1.72199994e-01, 0., 1.14799999e-01, 1.72199994e-01, 0. ]
   - [ 0., 0., 0., 2.86999997e-02, 0., 0., 5.73999994e-02, 0., 0.,
       8.60999972e-02, 0., 0., 1.14799999e-01, 0., 0., 0.,
       2.86999997e-02, 0., 2.86999997e-02, 2.86999997e-02, 0.,
       5.73999994e-02, 2.86999997e-02, 0., 8.60999972e-02,
       2.86999997e-02, 0., 1.14799999e-01, 2.86999997e-02, 0., 0.,
       5.73999994e-02, 0., 2.86999997e-02, 5.73999994e-02, 0.,
       5.73999994e-02, 5.73999994e-02, 0., 8.60999972e-02,
       5.73999994e-02, 0., 1.14799999e-01, 5.73999994e-02, 0., 0.,
       8.60999972e-02, 0., 2.86999997e-02, 8.60999972e-02, 0.,
       5.73999994e-02, 8.60999972e-02, 0., 8.60999972e-02,
       8.60999972e-02, 0., 1.14799999e-01, 8.60999972e-02, 0., 0.,
       1.14799999e-01, 0., 2.86999997e-02, 1.14799999e-01, 0.,
       5.73999994e-02, 1.14799999e-01, 0., 8.60999972e-02,
       1.14799999e-01, 0., 1.14799999e-01, 1.14799999e-01, 0., 0.,
       1.43500000e-01, 0., 2.86999997e-02, 1.43500000e-01, 0.,
       5.73999994e-02, 1.43500000e-01, 0., 8.60999972e-02,
       1.43500000e-01, 0., 1.14799999e-01, 1.43500000e-01, 0., 0.,
       1.72199994e-01, 0., 2.86999997e-02, 1.72199994e-01, 0.,
       5.73999994e-02, 1.72199994e-01, 0., 8.60999972e-02,
       1.72199994e-01, 0., 1.14799999e-01, 1.72199994e-01, 0. ]
   - [ 0., 0., 0., 2.86999997e-02, 0., 0., 5.73999994e-02, 0., 0.,
       8.60999972e-02, 0., 0., 1.14799999e-01, 0., 0., 0.,
       2.86999997e-02, 0., 2.86999997e-02, 2.86999997e-02, 0.,
       5.73999994e-02, 2.86999997e-02, 0., 8.60999972e-02,
       2.86999997e-02, 0., 1.14799999e-01, 2.86999997e-02, 0., 0.,
       5.73999994e-02, 0., 2.86999997e-02, 5.73999994e-02, 0.,
       5.73999994e-02, 5.73999994e-02, 0., 8.60999972e-02,
       5.73999994e-02, 0., 1.14799999e-01, 5.73999994e-02, 0., 0.,
       8.60999972e-02, 0., 2.86999997e-02, 8.60999972e-02, 0.,
       5.73999994e-02, 8.60999972e-02, 0., 8.60999972e-02,
       8.60999972e-02, 0., 1.14799999e-01, 8.60999972e-02, 0., 0.,
       1.14799999e-01, 0., 2.86999997e-02, 1.14799999e-01, 0.,
       5.73999994e-02, 1.14799999e-01, 0., 8.60999972e-02,
       1.14799999e-01, 0., 1.14799999e-01, 1.14799999e-01, 0., 0.,
       1.43500000e-01, 0., 2.86999997e-02, 1.43500000e-01, 0.,
       5.73999994e-02, 1.43500000e-01, 0., 8.60999972e-02,
       1.43500000e-01, 0., 1.14799999e-01, 1.43500000e-01, 0., 0.,
       1.72199994e-01, 0., 2.86999997e-02, 1.72199994e-01, 0.,
       5.73999994e-02, 1.72199994e-01, 0., 8.60999972e-02,
       1.72199994e-01, 0., 1.14799999e-01, 1.72199994e-01, 0. ]
   - [ 0., 0., 0., 2.86999997e-02, 0., 0., 5.73999994e-02, 0., 0.,
       8.60999972e-02, 0., 0., 1.14799999e-01, 0., 0., 0.,
       2.86999997e-02, 0., 2.86999997e-02, 2.86999997e-02, 0.,
       5.73999994e-02, 2.86999997e-02, 0., 8.60999972e-02,
       2.86999997e-02, 0., 1.14799999e-01, 2.86999997e-02, 0., 0.,
       5.73999994e-02, 0., 2.86999997e-02, 5.73999994e-02, 0.,
       5.73999994e-02, 5.73999994e-02, 0., 8.60999972e-02,
       5.73999994e-02, 0., 1.14799999e-01, 5.73999994e-02, 0., 0.,
       8.60999972e-02, 0., 2.86999997e-02, 8.60999972e-02, 0.,
       5.73999994e-02, 8.60999972e-02, 0., 8.60999972e-02,
       8.60999972e-02, 0., 1.14799999e-01, 8.60999972e-02, 0., 0.,
       1.14799999e-01, 0., 2.86999997e-02, 1.14799999e-01, 0.,
       5.73999994e-02, 1.14799999e-01, 0., 8.60999972e-02,
       1.14799999e-01, 0., 1.14799999e-01, 1.14799999e-01, 0., 0.,
       1.43500000e-01, 0., 2.86999997e-02, 1.43500000e-01, 0.,
       5.73999994e-02, 1.43500000e-01, 0., 8.60999972e-02,
       1.43500000e-01, 0., 1.14799999e-01, 1.43500000e-01, 0., 0.,
       1.72199994e-01, 0., 2.86999997e-02, 1.72199994e-01, 0.,
       5.73999994e-02, 1.72199994e-01, 0., 8.60999972e-02,
       1.72199994e-01, 0., 1.14799999e-01, 1.72199994e-01, 0. ]
   - [ 0., 0., 0., 2.86999997e-02, 0., 0., 5.73999994e-02, 0., 0.,
       8.60999972e-02, 0., 0., 1.14799999e-01, 0., 0., 0.,
       2.86999997e-02, 0., 2.86999997e-02, 2.86999997e-02, 0.,
       5.73999994e-02, 2.86999997e-02, 0., 8.60999972e-02,
       2.86999997e-02, 0., 1.14799999e-01, 2.86999997e-02, 0., 0.,
       5.73999994e-02, 0., 2.86999997e-02, 5.73999994e-02, 0.,
       5.73999994e-02, 5.73999994e-02, 0., 8.60999972e-02,
       5.73999994e-02, 0., 1.14799999e-01, 5.73999994e-02, 0., 0.,
       8.60999972e-02, 0., 2.86999997e-02, 8.60999972e-02, 0.,
       5.73999994e-02, 8.60999972e-02, 0., 8.60999972e-02,
       8.60999972e-02, 0., 1.14799999e-01, 8.60999972e-02, 0., 0.,
       1.14799999e-01, 0., 2.86999997e-02, 1.14799999e-01, 0.,
       5.73999994e-02, 1.14799999e-01, 0., 8.60999972e-02,
       1.14799999e-01, 0., 1.14799999e-01, 1.14799999e-01, 0., 0.,
       1.43500000e-01, 0., 2.86999997e-02, 1.43500000e-01, 0.,
       5.73999994e-02, 1.43500000e-01, 0., 8.60999972e-02,
       1.43500000e-01, 0., 1.14799999e-01, 1.43500000e-01, 0., 0.,
       1.72199994e-01, 0., 2.86999997e-02, 1.72199994e-01, 0.,
       5.73999994e-02, 1.72199994e-01, 0., 8.60999972e-02,
       1.72199994e-01, 0., 1.14799999e-01, 1.72199994e-01, 0. ]
   - [ 0., 0., 0., 2.86999997e-02, 0., 0., 5.73999994e-02, 0., 0.,
       8.60999972e-02, 0., 0., 1.14799999e-01, 0., 0., 0.,
       2.86999997e-02, 0., 2.86999997e-02, 2.86999997e-02, 0.,
       5.73999994e-02, 2.86999997e-02, 0., 8.60999972e-02,
       2.86999997e-02, 0., 1.14799999e-01, 2.86999997e-02, 0., 0.,
       5.73999994e-02, 0., 2.86999997e-02, 5.73999994e-02, 0.,
       5.73999994e-02, 5.73999994e-02, 0., 8.60999972e-02,
       5.73999994e-02, 0., 1.14799999e-01, 5.73999994e-02, 0., 0.,
       8.60999972e-02, 0., 2.86999997e-02, 8.60999972e-02, 0.,
       5.73999994e-02, 8.60999972e-02, 0., 8.60999972e-02,
       8.60999972e-02, 0., 1.14799999e-01, 8.60999972e-02, 0., 0.,
       1.14799999e-01, 0., 2.86999997e-02, 1.14799999e-01, 0.,
       5.73999994e-02, 1.14799999e-01, 0., 8.60999972e-02,
       1.14799999e-01, 0., 1.14799999e-01, 1.14799999e-01, 0., 0.,
       1.43500000e-01, 0., 2.86999997e-02, 1.43500000e-01, 0.,
       5.73999994e-02, 1.43500000e-01, 0., 8.60999972e-02,
       1.43500000e-01, 0., 1.14799999e-01, 1.43500000e-01, 0., 0.,
       1.72199994e-01, 0., 2.86999997e-02, 1.72199994e-01, 0.,
       5.73999994e-02, 1.72199994e-01, 0., 8.60999972e-02,
       1.72199994e-01, 0., 1.14799999e-01, 1.72199994e-01, 0. ]
   - [ 0., 0., 0., 2.86999997e-02, 0., 0., 5.73999994e-02, 0., 0.,
       8.60999972e-02, 0., 0., 1.14799999e-01, 0., 0., 0.,
       2.86999997e-02, 0., 2.86999997e-02, 2.86999997e-02, 0.,
       5.73999994e-02, 2.86999997e-02, 0., 8.60999972e-02,
       2.86999997e-02, 0., 1.14799999e-01, 2.86999997e-02, 0., 0.,
       5.73999994e-02, 0., 2.86999997e-02, 5.73999994e-02, 0.,
       5.73999994e-02, 5.73999994e-02, 0., 8.60999972e-02,
       5.73999994e-02, 0., 1.14799999e-01, 5.73999994e-02, 0., 0.,
       8.60999972e-02, 0., 2.86999997e-02, 8.60999972e-02, 0.,
       5.73999994e-02, 8.60999972e-02, 0., 8.60999972e-02,
       8.60999972e-02, 0., 1.14799999e-01, 8.60999972e-02, 0., 0.,
       1.14799999e-01, 0., 2.86999997e-02, 1.14799999e-01, 0.,
       5.73999994e-02, 1.14799999e-01, 0., 8.60999972e-02,
       1.14799999e-01, 0., 1.14799999e-01, 1.14799999e-01, 0., 0.,
       1.43500000e-01, 0., 2.86999997e-02, 1.43500000e-01, 0.,
       5.73999994e-02, 1.43500000e-01, 0., 8.60999972e-02,
       1.43500000e-01, 0., 1.14799999e-01, 1.43500000e-01, 0., 0.,
       1.72199994e-01, 0., 2.86999997e-02, 1.72199994e-01, 0.,
       5.73999994e-02, 1.72199994e-01, 0., 8.60999972e-02,
       1.72199994e-01, 0., 1.14799999e-01, 1.72199994e-01, 0. ]
   - [ 0., 0., 0., 2.86999997e-02, 0., 0., 5.73999994e-02, 0., 0.,
       8.60999972e-02, 0., 0., 1.14799999e-01, 0., 0., 0.,
       2.86999997e-02, 0., 2.86999997e-02, 2.86999997e-02, 0.,
       5.73999994e-02, 2.86999997e-02, 0., 8.60999972e-02,
       2.86999997e-02, 0., 1.14799999e-01, 2.86999997e-02, 0., 0.,
       5.73999994e-02, 0., 2.86999997e-02, 5.73999994e-02, 0.,
       5.73999994e-02, 5.73999994e-02, 0., 8.60999972e-02,
       5.73999994e-02, 0., 1.14799999e-01, 5.73999994e-02, 0., 0.,
       8.60999972e-02, 0., 2.86999997e-02, 8.60999972e-02, 0.,
       5.73999994e-02, 8.60999972e-02, 0., 8.60999972e-02,
       8.60999972e-02, 0., 1.14799999e-01, 8.60999972e-02, 0., 0.,
       1.14799999e-01, 0., 2.86999997e-02, 1.14799999e-01, 0.,
       5.73999994e-02, 1.14799999e-01, 0., 8.60999972e-02,
       1.14799999e-01, 0., 1.14799999e-01, 1.14799999e-01, 0., 0.,
       1.43500000e-01, 0., 2.86999997e-02, 1.43500000e-01, 0.,
       5.73999994e-02, 1.43500000e-01, 0., 8.60999972e-02,
       1.43500000e-01, 0., 1.14799999e-01, 1.43500000e-01, 0., 0.,
       1.72199994e-01, 0., 2.86999997e-02, 1.72199994e-01, 0.,
       5.73999994e-02, 1.72199994e-01, 0., 8.60999972e-02,
       1.72199994e-01, 0., 1.14799999e-01, 1.72199994e-01, 0. ]
   - [ 0., 0., 0., 2.86999997e-02, 0., 0., 5.73999994e-02, 0., 0.,
       8.60999972e-02, 0., 0., 1.14799999e-01, 0., 0., 0.,
       2.86999997e-02, 0., 2.86999997e-02, 2.86999997e-02, 0.,
       5.73999994e-02, 2.86999997e-02, 0., 8.60999972e-02,
       2.86999997e-02, 0., 1.14799999e-01, 2.86999997e-02, 0., 0.,
       5.73999994e-02, 0., 2.86999997e-02, 5.73999994e-02, 0.,
       5.73999994e-02, 5.73999994e-02, 0., 8.60999972e-02,
       5.73999994e-02, 0., 1.14799999e-01, 5.73999994e-02, 0., 0.,
       8.60999972e-02, 0., 2.86999997e-02, 8.60999972e-02, 0.,
       5.73999994e-02, 8.60999972e-02, 0., 8.60999972e-02,
       8.60999972e-02, 0., 1.14799999e-01, 8.60999972e-02, 0., 0.,
       1.14799999e-01, 0., 2.86999997e-02, 1.14799999e-01, 0.,
       5.73999994e-02, 1.14799999e-01, 0., 8.60999972e-02,
       1.14799999e-01, 0., 1.14799999e-01, 1.14799999e-01, 0., 0.,
       1.43500000e-01, 0., 2.86999997e-02, 1.43500000e-01, 0.,
       5.73999994e-02, 1.43500000e-01, 0., 8.60999972e-02,
       1.43500000e-01, 0., 1.14799999e-01, 1.43500000e-01, 0., 0.,
       1.72199994e-01, 0., 2.86999997e-02, 1.72199994e-01, 0.,
       5.73999994e-02, 1.72199994e-01, 0., 8.60999972e-02,
       1.72199994e-01, 0., 1.14799999e-01, 1.72199994e-01, 0. ]
   - [ 0., 0., 0., 2.86999997e-02, 0., 0., 5.73999994e-02, 0., 0.,
       8.60999972e-02, 0., 0., 1.14799999e-01, 0., 0., 0.,
       2.86999997e-02, 0., 2.86999997e-02, 2.86999997e-02, 0.,
       5.73999994e-02, 2.86999997e-02, 0., 8.60999972e-02,
       2.86999997e-02, 0., 1.14799999e-01, 2.86999997e-02, 0., 0.,
       5.73999994e-02, 0., 2.86999997e-02, 5.73999994e-02, 0.,
       5.73999994e-02, 5.73999994e-02, 0., 8.60999972e-02,
       5.73999994e-02, 0., 1.14799999e-01, 5.73999994e-02, 0., 0.,
       8.60999972e-02, 0., 2.86999997e-02, 8.60999972e-02, 0.,
       5.73999994e-02, 8.60999972e-02, 0., 8.60999972e-02,
       8.60999972e-02, 0., 1.14799999e-01, 8.60999972e-02, 0., 0.,
       1.14799999e-01, 0., 2.86999997e-02, 1.14799999e-01, 0.,
       5.73999994e-02, 1.14799999e-01, 0., 8.60999972e-02,
       1.14799999e-01, 0., 1.14799999e-01, 1.14799999e-01, 0., 0.,
       1.43500000e-01, 0., 2.86999997e-02, 1.43500000e-01, 0.,
       5.73999994e-02, 1.43500000e-01, 0., 8.60999972e-02,
       1.43500000e-01, 0., 1.14799999e-01, 1.43500000e-01, 0., 0.,
       1.72199994e-01, 0., 2.86999997e-02, 1.72199994e-01, 0.,
       5.73999994e-02, 1.72199994e-01, 0., 8.60999972e-02,
       1.72199994e-01, 0., 1.14799999e-01, 1.72199994e-01, 0. ]
image_points:
   - [ 1.60611438e+03, 2.87766333e+03, 1.60446179e+03, 2.77448608e+03,
       1.60270862e+03, 2.66948047e+03, 1.60172876e+03, 2.56154590e+03,
       1.60070325e+03, 2.45273145e+03, 1.71660522e+03, 2.88189526e+03,
       1.71569214e+03, 2.77848999e+03, 1.71488074e+03, 2.67307300e+03,
       1.71442578e+03, 2.56519214e+03, 1.71400037e+03, 2.45588501e+03,
       1.82742773e+03, 2.88381934e+03, 1.82691858e+03, 2.78136548e+03,
       1.82714868e+03, 2.67544751e+03, 1.82754114e+03, 2.56771167e+03,
       1.82767139e+03, 2.45767285e+03, 1.93863940e+03, 2.88604370e+03,
       1.93945728e+03, 2.78248950e+03, 1.94011548e+03, 2.67764038e+03,
       1.94107776e+03, 2.56927100e+03, 1.94179590e+03, 2.45949243e+03,
       2.05035229e+03, 2.88753271e+03, 2.05161768e+03, 2.78350781e+03,
       2.05323413e+03, 2.67859937e+03, 2.05464795e+03, 2.57034521e+03,
       2.05597412e+03, 2.46046631e+03, 2.16169458e+03, 2.88776709e+03,
       2.16361475e+03, 2.78350366e+03, 2.16604712e+03, 2.67871484e+03,
       2.16810767e+03, 2.57067920e+03, 2.16989380e+03, 2.46077100e+03,
       2.27232568e+03, 2.88601367e+03, 2.27501978e+03, 2.78255347e+03,
       2.27811694e+03, 2.67742212e+03, 2.28057349e+03, 2.56962061e+03,
       2.28306836e+03, 2.46016113e+03 ]
   - [ 1.79676062e+03, 2.88410913e+03, 1.79626709e+03, 2.78035376e+03,
       1.79620129e+03, 2.67506860e+03, 1.79614917e+03, 2.56729858e+03,
       1.79611182e+03, 2.45759692e+03, 1.90827490e+03, 2.88651514e+03,
       1.90868323e+03, 2.78351880e+03, 1.90912085e+03, 2.67713892e+03,
       1.90976965e+03, 2.56899951e+03, 1.91025244e+03, 2.45971509e+03,
       2.01970361e+03, 2.88682642e+03, 2.02087891e+03, 2.78449194e+03,
       2.02227588e+03, 2.67820850e+03, 2.02357080e+03, 2.57034863e+03,
       2.02458386e+03, 2.46055127e+03, 2.13129761e+03, 2.88747803e+03,
       2.13326685e+03, 2.78366187e+03, 2.13529419e+03, 2.67907593e+03,
       2.13703003e+03, 2.57057446e+03, 2.13851660e+03, 2.46073364e+03,
       2.24242090e+03, 2.88739673e+03, 2.24507007e+03, 2.78319702e+03,
       2.24799023e+03, 2.67865405e+03, 2.25028442e+03, 2.57042651e+03,
       2.25239648e+03, 2.46063623e+03, 2.35295142e+03, 2.88569849e+03,
       2.35634033e+03, 2.78157422e+03, 2.36004224e+03, 2.67718066e+03,
       2.36293896e+03, 2.56926099e+03, 2.36554126e+03, 2.45962305e+03,
       2.46216577e+03, 2.88257959e+03, 2.46643359e+03, 2.77937134e+03,
       2.47037915e+03, 2.67432471e+03, 2.47390649e+03, 2.56738135e+03,
       2.47731543e+03, 2.45797388e+03 ]
   - [ 1.99199438e+03, 2.88761108e+03, 1.99325098e+03, 2.78377759e+03,
       1.99409424e+03, 2.67835205e+03, 1.99476709e+03, 2.57001978e+03,
       1.99621423e+03, 2.46048389e+03, 2.10385645e+03, 2.88835059e+03,
       2.10560791e+03, 2.78484326e+03, 2.10721411e+03, 2.67904932e+03,
       2.10910132e+03, 2.57076025e+03, 2.11070435e+03, 2.46145898e+03,
       2.21481445e+03, 2.88707324e+03, 2.21775146e+03, 2.78480078e+03,
       2.21996069e+03, 2.67865527e+03, 2.22237891e+03, 2.57097607e+03,
       2.22477075e+03, 2.46100391e+03, 2.32591553e+03, 2.88588013e+03,
       2.32935718e+03, 2.78244019e+03, 2.33276270e+03, 2.67808716e+03,
       2.33537305e+03, 2.56972925e+03, 2.33817578e+03, 2.46010205e+03,
       2.43591333e+03, 2.88383008e+03, 2.43966650e+03, 2.78036938e+03,
       2.44417188e+03, 2.67642383e+03, 2.44746729e+03, 2.56839746e+03,
       2.45048022e+03, 2.45897412e+03, 2.54483911e+03, 2.88088794e+03,
       2.54937305e+03, 2.77736646e+03, 2.55429199e+03, 2.67335815e+03,
       2.55820898e+03, 2.56607031e+03, 2.56181006e+03, 2.45721265e+03,
       2.65184131e+03, 2.87577271e+03, 2.65744800e+03, 2.77348462e+03,
       2.66250122e+03, 2.66925464e+03, 2.66708545e+03, 2.56254419e+03,
       2.67130542e+03, 2.45435425e+03 ]
   - [ 2.18653857e+03, 2.88917090e+03, 2.18895703e+03, 2.78524243e+03,
       2.19156421e+03, 2.67982837e+03, 2.19344775e+03, 2.57150708e+03,
       2.19561108e+03, 2.46207886e+03, 2.29769165e+03, 2.88801392e+03,
       2.30120654e+03, 2.78464429e+03, 2.30413452e+03, 2.67918335e+03,
       2.30681494e+03, 2.57098999e+03, 2.30965283e+03, 2.46172778e+03,
       2.40786621e+03, 2.88531812e+03, 2.41235962e+03, 2.78312354e+03,
       2.41575635e+03, 2.67740381e+03, 2.41941357e+03, 2.56980981e+03,
       2.42258911e+03, 2.46058862e+03, 2.51728052e+03, 2.88252808e+03,
       2.52180786e+03, 2.77942480e+03, 2.52664844e+03, 2.67535229e+03,
       2.53039746e+03, 2.56752588e+03, 2.53425806e+03, 2.45870386e+03,
       2.62558374e+03, 2.87901147e+03, 2.63048193e+03, 2.77555542e+03,
       2.63639160e+03, 2.67222754e+03, 2.64060352e+03, 2.56502368e+03,
       2.64447949e+03, 2.45626807e+03, 2.73226563e+03, 2.87411841e+03,
       2.73783203e+03, 2.77142358e+03, 2.74400439e+03, 2.66790625e+03,
       2.74881567e+03, 2.56150781e+03, 2.75333423e+03, 2.45340430e+03,
       2.83664966e+03, 2.86763672e+03, 2.84310840e+03, 2.76588696e+03,
       2.84932642e+03, 2.66263477e+03, 2.85468872e+03, 2.55700684e+03,
       2.85978955e+03, 2.44960913e+03 ]
   - [ 2.38070776e+03, 2.88749927e+03, 2.38432373e+03, 2.78396021e+03,
       2.38805200e+03, 2.67910059e+03, 2.39130835e+03, 2.57099268e+03,
       2.39469971e+03, 2.46179883e+03, 2.49033130e+03, 2.88506909e+03,
       2.49499536e+03, 2.78191626e+03, 2.49934204e+03, 2.67686133e+03,
       2.50317407e+03, 2.56938232e+03, 2.50731860e+03, 2.46062305e+03,
       2.59846460e+03, 2.88048657e+03, 2.60438184e+03, 2.77896045e+03,
       2.60897852e+03, 2.67362158e+03, 2.61372485e+03, 2.56713965e+03,
       2.61811084e+03, 2.45819653e+03, 2.70565332e+03, 2.87594702e+03,
       2.71162207e+03, 2.77391455e+03, 2.71769434e+03, 2.67047437e+03,
       2.72245361e+03, 2.56342188e+03, 2.72712158e+03, 2.45532007e+03,
       2.81151123e+03, 2.87132129e+03, 2.81756079e+03, 2.76886060e+03,
       2.82470605e+03, 2.66607153e+03, 2.82983618e+03, 2.55976904e+03,
       2.83462988e+03, 2.45176978e+03, 2.91513428e+03, 2.86507690e+03,
       2.92167798e+03, 2.76314746e+03, 2.92903564e+03, 2.66051294e+03,
       2.93488379e+03, 2.55536401e+03, 2.94034912e+03, 2.44806055e+03,
       3.01602441e+03, 2.85748804e+03, 3.02353931e+03, 2.75647925e+03,
       3.03101270e+03, 2.65424316e+03, 3.03743994e+03, 2.54979932e+03,
       3.04306250e+03, 2.44344824e+03 ]
   - [ 1.60371106e+03, 2.69743359e+03, 1.60257349e+03, 2.59037280e+03,
       1.60144287e+03, 2.48170923e+03, 1.60075232e+03, 2.37079199e+03,
       1.60060437e+03, 2.25873218e+03, 1.71566248e+03, 2.70117114e+03,
       1.71524316e+03, 2.59404395e+03, 1.71473682e+03, 2.48489014e+03,
       1.71454199e+03, 2.37364575e+03, 1.71453674e+03, 2.26184229e+03,
       1.82813916e+03, 2.70309619e+03, 1.82842249e+03, 2.59661646e+03,
       1.82849707e+03, 2.48689648e+03, 1.82887549e+03, 2.37618237e+03,
       1.82958423e+03, 2.26345020e+03, 1.94095459e+03, 2.70537500e+03,
       1.94191455e+03, 2.59763525e+03, 1.94254517e+03, 2.48934204e+03,
       1.94377429e+03, 2.37751733e+03, 1.94451770e+03, 2.26491357e+03,
       2.05422900e+03, 2.70687891e+03, 2.05541724e+03, 2.59868677e+03,
       2.05708716e+03, 2.49035229e+03, 2.05850610e+03, 2.37874292e+03,
       2.05969653e+03, 2.26587573e+03, 2.16710376e+03, 2.70707251e+03,
       2.16885913e+03, 2.59885742e+03, 2.17128784e+03, 2.49039771e+03,
       2.17279956e+03, 2.37929688e+03, 2.17451465e+03, 2.26657178e+03,
       2.27915942e+03, 2.70576514e+03, 2.28157593e+03, 2.59854419e+03,
       2.28436377e+03, 2.48958057e+03, 2.28646631e+03, 2.37884717e+03,
       2.28855298e+03, 2.26638379e+03 ]
   - [ 1.79742529e+03, 2.70351685e+03, 1.79739685e+03, 2.59607739e+03,
       1.79718530e+03, 2.48684473e+03, 1.79747498e+03, 2.37548486e+03,
       1.79799292e+03, 2.26341553e+03, 1.91046143e+03, 2.70572681e+03,
       1.91101892e+03, 2.59812720e+03, 1.91159241e+03, 2.48870996e+03,
       1.91224622e+03, 2.37741895e+03, 1.91303210e+03, 2.26507617e+03,
       2.02324878e+03, 2.70632983e+03, 2.02480444e+03, 2.59952881e+03,
       2.02590771e+03, 2.48988232e+03, 2.02732532e+03, 2.37865430e+03,
       2.02834229e+03, 2.26580029e+03, 2.13626904e+03, 2.70713184e+03,
       2.13839282e+03, 2.59944409e+03, 2.14024829e+03, 2.49106714e+03,
       2.14196558e+03, 2.37926416e+03, 2.14355469e+03, 2.26652783e+03,
       2.24936938e+03, 2.70675024e+03, 2.25152246e+03, 2.59900977e+03,
       2.25427124e+03, 2.49076343e+03, 2.25645020e+03, 2.37927026e+03,
       2.25810815e+03, 2.26672339e+03, 2.36129907e+03, 2.70571289e+03,
       2.36400366e+03, 2.59801636e+03, 2.36739795e+03, 2.48951733e+03,
       2.36974438e+03, 2.37876318e+03, 2.37216187e+03, 2.26660962e+03,
       2.47158228e+03, 2.70318042e+03, 2.47566968e+03, 2.59600488e+03,
       2.47893896e+03, 2.48767700e+03, 2.48203711e+03, 2.37731543e+03,
       2.48481934e+03, 2.26535352e+03 ]
   - [ 1.99520911e+03, 2.70708350e+03, 1.99622852e+03, 2.59944067e+03,
       1.99709900e+03, 2.49002783e+03, 1.99831714e+03, 2.37841968e+03,
       1.99942078e+03, 2.26581348e+03, 2.10832520e+03, 2.70793262e+03,
       2.11030420e+03, 2.60058691e+03, 2.11183545e+03, 2.49086987e+03,
       2.11339600e+03, 2.37945947e+03, 2.11523755e+03, 2.26681543e+03,
       2.22091016e+03, 2.70701172e+03, 2.22369971e+03, 2.60037720e+03,
       2.22583740e+03, 2.49074902e+03, 2.22798584e+03, 2.37971045e+03,
       2.23019995e+03, 2.26709570e+03, 2.33332080e+03, 2.70596045e+03,
       2.33636841e+03, 2.59910229e+03, 2.33957861e+03, 2.49053467e+03,
       2.34191577e+03, 2.37919873e+03, 2.34421729e+03, 2.26687183e+03,
       2.44514404e+03, 2.70466064e+03, 2.44839673e+03, 2.59737183e+03,
       2.45230957e+03, 2.48928638e+03, 2.45499048e+03, 2.37832959e+03,
       2.45751025e+03, 2.26603540e+03, 2.55562842e+03, 2.70209790e+03,
       2.55940308e+03, 2.59477734e+03, 2.56372119e+03, 2.48717163e+03,
       2.56671899e+03, 2.37668896e+03, 2.56984839e+03, 2.26515063e+03,
       2.66385547e+03, 2.69804028e+03, 2.66855542e+03, 2.59154419e+03,
       2.67297803e+03, 2.48409644e+03, 2.67671899e+03, 2.37441382e+03,
       2.67998169e+03, 2.26333887e+03 ]
   - [ 2.19202002e+03, 2.70866602e+03, 2.19431689e+03, 2.60081006e+03,
       2.19630396e+03, 2.49172656e+03, 2.19806958e+03, 2.38027148e+03,
       2.20028223e+03, 2.26772437e+03, 2.30464746e+03, 2.70801294e+03,
       2.30762671e+03, 2.60063965e+03, 2.31012378e+03, 2.49141138e+03,
       2.31258179e+03, 2.38012451e+03, 2.31508667e+03, 2.26798022e+03,
       2.41586890e+03, 2.70561694e+03, 2.42029004e+03, 2.59957910e+03,
       2.42298608e+03, 2.49015137e+03, 2.42613110e+03, 2.37950293e+03,
       2.42892407e+03, 2.26741211e+03, 2.52677783e+03, 2.70351245e+03,
       2.53110986e+03, 2.59666064e+03, 2.53535132e+03, 2.48888110e+03,
       2.53839600e+03, 2.37789404e+03, 2.54144043e+03, 2.26629028e+03,
       2.63662378e+03, 2.70063086e+03, 2.64101611e+03, 2.59360205e+03,
       2.64617432e+03, 2.48662573e+03, 2.64958130e+03, 2.37623853e+03,
       2.65256055e+03, 2.26454004e+03, 2.74484692e+03, 2.69651611e+03,
       2.74948315e+03, 2.59021118e+03, 2.75474463e+03, 2.48320190e+03,
       2.75889600e+03, 2.37361377e+03, 2.76230249e+03, 2.26286499e+03,
       2.85008521e+03, 2.69139404e+03, 2.85582568e+03, 2.58585596e+03,
       2.86111255e+03, 2.47909619e+03, 2.86556641e+03, 2.37040771e+03,
       2.86942188e+03, 2.26031812e+03 ]
   - [ 2.38810815e+03, 2.70782983e+03, 2.39158496e+03, 2.60054492e+03,
       2.39480054e+03, 2.49152808e+03, 2.39770508e+03, 2.38051294e+03,
       2.40046533e+03, 2.26847656e+03, 2.49955737e+03, 2.70571729e+03,
       2.50361450e+03, 2.59889990e+03, 2.50736279e+03, 2.48997363e+03,
       2.51072290e+03, 2.37930908e+03, 2.51393115e+03, 2.26778760e+03,
       2.60892456e+03, 2.70217114e+03, 2.61444019e+03, 2.59658472e+03,
       2.61811646e+03, 2.48775708e+03, 2.62231104e+03, 2.37771777e+03,
       2.62566455e+03, 2.26620972e+03, 2.71748193e+03, 2.69847827e+03,
       2.72274292e+03, 2.59240625e+03, 2.72810181e+03, 2.48541333e+03,
       2.73194385e+03, 2.37534570e+03, 2.73558667e+03, 2.26437402e+03,
       2.82461646e+03, 2.69426294e+03, 2.82995825e+03, 2.58836963e+03,
       2.83604248e+03, 2.48188647e+03, 2.84019556e+03, 2.37263867e+03,
       2.84396094e+03, 2.26213086e+03, 2.92972998e+03, 2.68927734e+03,
       2.93533447e+03, 2.58365430e+03, 2.94156055e+03, 2.47772290e+03,
       2.94632739e+03, 2.36937988e+03, 2.95029785e+03, 2.25945508e+03,
       3.03158423e+03, 2.68281958e+03, 3.03818701e+03, 2.57831055e+03,
       3.04416968e+03, 2.47268994e+03, 3.04944482e+03, 2.36532202e+03,
       3.05374707e+03, 2.25633691e+03 ]
   - [ 1.60277881e+03, 2.50742529e+03, 1.60188367e+03, 2.39666211e+03,
       1.60151501e+03, 2.28513062e+03, 1.60162183e+03, 2.17174683e+03,
       1.60181323e+03, 2.05755396e+03, 1.71595935e+03, 2.51042432e+03,
       1.71561414e+03, 2.39972705e+03, 1.71589270e+03, 2.28780566e+03,
       1.71621838e+03, 2.17415698e+03, 1.71647070e+03, 2.05976563e+03,
       1.82939050e+03, 2.51242920e+03, 1.82995740e+03, 2.40245923e+03,
       1.83044556e+03, 2.28973291e+03, 1.83104272e+03, 2.17610669e+03,
       1.83224707e+03, 2.06166870e+03, 1.94375598e+03, 2.51436084e+03,
       1.94459753e+03, 2.40361377e+03, 1.94558838e+03, 2.29166919e+03,
       1.94685535e+03, 2.17777661e+03, 1.94780725e+03, 2.06302539e+03,
       2.05814624e+03, 2.51569702e+03, 2.05945239e+03, 2.40450488e+03,
       2.06096973e+03, 2.29311621e+03, 2.06242773e+03, 2.17909082e+03,
       2.06366455e+03, 2.06419727e+03, 2.17226074e+03, 2.51645386e+03,
       2.17421704e+03, 2.40525000e+03, 2.17621191e+03, 2.29357227e+03,
       2.17760742e+03, 2.17964380e+03, 2.17922803e+03, 2.06507642e+03,
       2.28561377e+03, 2.51559790e+03, 2.28802979e+03, 2.40505908e+03,
       2.29025537e+03, 2.29333960e+03, 2.29227783e+03, 2.17977417e+03,
       2.29395996e+03, 2.06550977e+03 ]
   - [ 1.79849512e+03, 2.51261963e+03, 1.79872559e+03, 2.40170117e+03,
       1.79901892e+03, 2.28979932e+03, 1.79953491e+03, 2.17603149e+03,
       1.80042847e+03, 2.06138818e+03, 1.91290906e+03, 2.51496118e+03,
       1.91357080e+03, 2.40411938e+03, 1.91442957e+03, 2.29155957e+03,
       1.91528979e+03, 2.17754517e+03, 1.91634546e+03, 2.06317285e+03,
       2.02715259e+03, 2.51561719e+03, 2.02854517e+03, 2.40545239e+03,
       2.02969312e+03, 2.29280933e+03, 2.03101086e+03, 2.17922656e+03,
       2.03239661e+03, 2.06431030e+03, 2.14144653e+03, 2.51643701e+03,
       2.14336060e+03, 2.40552661e+03, 2.14504077e+03, 2.29377686e+03,
       2.14666187e+03, 2.17968701e+03, 2.14813428e+03, 2.06514111e+03,
       2.25576294e+03, 2.51660498e+03, 2.25766406e+03, 2.40550732e+03,
       2.26014355e+03, 2.29397168e+03, 2.26185303e+03, 2.18023071e+03,
       2.26347852e+03, 2.06556445e+03, 2.36881396e+03, 2.51593726e+03,
       2.37145972e+03, 2.40492896e+03, 2.37432080e+03, 2.29357300e+03,
       2.37627124e+03, 2.18036475e+03, 2.37818408e+03, 2.06605273e+03,
       2.48083862e+03, 2.51413159e+03, 2.48389893e+03, 2.40366309e+03,
       2.48666992e+03, 2.29246924e+03, 2.48932104e+03, 2.17966040e+03,
       2.49146558e+03, 2.06568164e+03 ]
   - [ 1.99837219e+03, 2.51659131e+03, 1.99955017e+03, 2.40523169e+03,
       2.00066821e+03, 2.29284521e+03, 2.00185510e+03, 2.17899561e+03,
       2.00315601e+03, 2.06429712e+03, 2.11297339e+03, 2.51754199e+03,
       2.11459692e+03, 2.40649390e+03, 2.11634790e+03, 2.29386304e+03,
       2.11773120e+03, 2.17994434e+03, 2.11933203e+03, 2.06540820e+03,
       2.22682300e+03, 2.51680762e+03, 2.22956079e+03, 2.40697681e+03,
       2.23131030e+03, 2.29416333e+03, 2.23336450e+03, 2.18055273e+03,
       2.23498462e+03, 2.06588354e+03, 2.34046484e+03, 2.51644678e+03,
       2.34310962e+03, 2.40575098e+03, 2.34591797e+03, 2.29420142e+03,
       2.34800049e+03, 2.18064795e+03, 2.34989429e+03, 2.06603735e+03,
       2.45371680e+03, 2.51541260e+03, 2.45633057e+03, 2.40461011e+03,
       2.45963354e+03, 2.29360205e+03, 2.46207300e+03, 2.18038770e+03,
       2.46382300e+03, 2.06620703e+03, 2.56528491e+03, 2.51351294e+03,
       2.56841650e+03, 2.40316040e+03, 2.57206006e+03, 2.29230762e+03,
       2.57453809e+03, 2.17961621e+03, 2.57663159e+03, 2.06605908e+03,
       2.67459326e+03, 2.51058154e+03, 2.67867310e+03, 2.40102881e+03,
       2.68228271e+03, 2.29030396e+03, 2.68517798e+03, 2.17833521e+03,
       2.68751367e+03, 2.06545557e+03 ]
   - [ 2.19723999e+03, 2.51858569e+03, 2.19896851e+03, 2.40722949e+03,
       2.20089893e+03, 2.29505200e+03, 2.20267480e+03, 2.18104761e+03,
       2.20465186e+03, 2.06645410e+03, 2.31093286e+03, 2.51797070e+03,
       2.31364185e+03, 2.40744507e+03, 2.31603271e+03, 2.29508569e+03,
       2.31809863e+03, 2.18148853e+03, 2.32035181e+03, 2.06706470e+03,
       2.42376196e+03, 2.51668457e+03, 2.42743481e+03, 2.40656201e+03,
       2.42979370e+03, 2.29449121e+03, 2.43244824e+03, 2.18144067e+03,
       2.43454688e+03, 2.06686475e+03, 2.53590576e+03, 2.51478149e+03,
       2.53945898e+03, 2.40469312e+03, 2.54294580e+03, 2.29379785e+03,
       2.54526611e+03, 2.18060864e+03, 2.54782373e+03, 2.06663843e+03,
       2.64677075e+03, 2.51254565e+03, 2.65035278e+03, 2.40247119e+03,
       2.65456445e+03, 2.29232275e+03, 2.65735498e+03, 2.17964453e+03,
       2.65949512e+03, 2.06603735e+03, 2.75612329e+03, 2.50958496e+03,
       2.75981128e+03, 2.39990942e+03, 2.76430347e+03, 2.29007886e+03,
       2.76730859e+03, 2.17820776e+03, 2.76974609e+03, 2.06547241e+03,
       2.86244116e+03, 2.50562891e+03, 2.86734106e+03, 2.39699438e+03,
       2.87141602e+03, 2.28740063e+03, 2.87490186e+03, 2.17641846e+03,
       2.87747778e+03, 2.06429150e+03 ]
   - [ 2.39546997e+03, 2.51810474e+03, 2.39828662e+03, 2.40762231e+03,
       2.40120923e+03, 2.29555908e+03, 2.40331738e+03, 2.18202271e+03,
       2.40577905e+03, 2.06756616e+03, 2.50802148e+03, 2.51683057e+03,
       2.51161670e+03, 2.40648242e+03, 2.51452222e+03, 2.29482397e+03,
       2.51723267e+03, 2.18160620e+03, 2.51991748e+03, 2.06788940e+03,
       2.61868774e+03, 2.51387915e+03, 2.62333984e+03, 2.40512964e+03,
       2.62633911e+03, 2.29358521e+03, 2.62958594e+03, 2.18090649e+03,
       2.63224219e+03, 2.06734155e+03, 2.72829102e+03, 2.51128882e+03,
       2.73275488e+03, 2.40193945e+03, 2.73731519e+03, 2.29187280e+03,
       2.73987744e+03, 2.17952661e+03, 2.74277539e+03, 2.06640820e+03,
       2.83656836e+03, 2.50798120e+03, 2.84091357e+03, 2.39907959e+03,
       2.84593799e+03, 2.28954980e+03, 2.84905103e+03, 2.17796680e+03,
       2.85160181e+03, 2.06546875e+03, 2.94283691e+03, 2.50397998e+03,
       2.94727100e+03, 2.39560742e+03, 2.95228613e+03, 2.28662427e+03,
       2.95567651e+03, 2.17576001e+03, 2.95842700e+03, 2.06428149e+03,
       3.04549219e+03, 2.49906982e+03, 3.05078418e+03, 2.39146143e+03,
       3.05548560e+03, 2.28328809e+03, 3.05944702e+03, 2.17334766e+03,
       3.06246118e+03, 2.06247949e+03 ]
   - [ 1.60089233e+03, 2.31339063e+03, 1.60080383e+03, 2.19986206e+03,
       1.60113623e+03, 2.08625488e+03, 1.60173792e+03, 1.97114832e+03,
       1.60252698e+03, 1.85566357e+03, 1.71516040e+03, 2.31582935e+03,
       1.71529553e+03, 2.20261621e+03, 1.71597742e+03, 2.08841089e+03,
       1.71676770e+03, 1.97316492e+03, 1.71760144e+03, 1.85738354e+03,
       1.82985767e+03, 2.31766992e+03, 1.83068970e+03, 2.20488916e+03,
       1.83135791e+03, 2.09021240e+03, 1.83239624e+03, 1.97489331e+03,
       1.83358081e+03, 1.85889233e+03, 1.94514673e+03, 2.31964282e+03,
       1.94628442e+03, 2.20605273e+03, 1.94720129e+03, 2.09183374e+03,
       1.94837976e+03, 1.97637769e+03, 1.94957507e+03, 1.86045276e+03,
       2.06057617e+03, 2.32109326e+03, 2.06193188e+03, 2.20730786e+03,
       2.06353711e+03, 2.09315210e+03, 2.06457593e+03, 1.97768835e+03,
       2.06584180e+03, 1.86147327e+03, 2.17581372e+03, 2.32165576e+03,
       2.17740405e+03, 2.20793115e+03, 2.17920825e+03, 2.09385425e+03,
       2.18048267e+03, 1.97872351e+03, 2.18200171e+03, 1.86289795e+03,
       2.29023438e+03, 2.32143164e+03, 2.29235229e+03, 2.20817041e+03,
       2.29406348e+03, 2.09419092e+03, 2.29570825e+03, 1.97946680e+03,
       2.29702832e+03, 1.86362744e+03 ]
   - [ 1.79885144e+03, 2.31822021e+03, 1.79946045e+03, 2.20485718e+03,
       1.80004858e+03, 2.09026123e+03, 1.80078857e+03, 1.97480786e+03,
       1.80213391e+03, 1.85885876e+03, 1.91446228e+03, 2.32027441e+03,
       1.91510620e+03, 2.20668433e+03, 1.91604370e+03, 2.09208984e+03,
       1.91693005e+03, 1.97640222e+03, 1.91827307e+03, 1.86034290e+03,
       2.02976709e+03, 2.32111914e+03, 2.03080322e+03, 2.20795020e+03,
       2.03220581e+03, 2.09329321e+03, 2.03349231e+03, 1.97775781e+03,
       2.03467285e+03, 1.86150562e+03, 2.14497095e+03, 2.32176440e+03,
       2.14653955e+03, 2.20843506e+03, 2.14827319e+03, 2.09425073e+03,
       2.14966113e+03, 1.97861035e+03, 2.15076953e+03, 1.86260034e+03,
       2.26015088e+03, 2.32232056e+03, 2.26187329e+03, 2.20849072e+03,
       2.26394482e+03, 2.09484497e+03, 2.26531689e+03, 1.97947266e+03,
       2.26660352e+03, 1.86350598e+03, 2.37443408e+03, 2.32207739e+03,
       2.37641895e+03, 2.20865649e+03, 2.37873071e+03, 2.09508301e+03,
       2.38029102e+03, 1.98002100e+03, 2.38153442e+03, 1.86447156e+03,
       2.48739868e+03, 2.32064819e+03, 2.48981787e+03, 2.20795459e+03,
       2.49210132e+03, 2.09466602e+03, 2.49372168e+03, 1.98014136e+03,
       2.49514160e+03, 1.86511719e+03 ]
   - [ 2.00024231e+03, 2.32172949e+03, 2.00155334e+03, 2.20807495e+03,
       2.00268835e+03, 2.09348633e+03, 2.00382275e+03, 1.97769727e+03,
       2.00517090e+03, 1.86157568e+03, 2.11611646e+03, 2.32294727e+03,
       2.11772388e+03, 2.20920386e+03, 2.11893604e+03, 2.09454297e+03,
       2.12039819e+03, 1.97884180e+03, 2.12190332e+03, 1.86260742e+03,
       2.23108179e+03, 2.32268433e+03, 2.23323120e+03, 2.20979102e+03,
       2.23485522e+03, 2.09526245e+03, 2.23650659e+03, 1.97967493e+03,
       2.23800073e+03, 1.86359827e+03, 2.34567383e+03, 2.32271924e+03,
       2.34800732e+03, 2.20930566e+03, 2.35005884e+03, 2.09559961e+03,
       2.35163818e+03, 1.98029834e+03, 2.35323218e+03, 1.86454785e+03,
       2.45962305e+03, 2.32212964e+03, 2.46176489e+03, 2.20900732e+03,
       2.46452588e+03, 2.09561304e+03, 2.46629321e+03, 1.98060767e+03,
       2.46753296e+03, 1.86527966e+03, 2.57224414e+03, 2.32106616e+03,
       2.57478711e+03, 2.20815649e+03, 2.57750854e+03, 2.09523267e+03,
       2.57933179e+03, 1.98076270e+03, 2.58055786e+03, 1.86580103e+03,
       2.68262354e+03, 2.31902856e+03, 2.68586304e+03, 2.20710132e+03,
       2.68826025e+03, 2.09428394e+03, 2.69046899e+03, 1.98053809e+03,
       2.69189478e+03, 1.86625049e+03 ]
   - [ 2.20049609e+03, 2.32398950e+03, 2.20226855e+03, 2.21028223e+03,
       2.20381470e+03, 2.09576782e+03, 2.20531958e+03, 1.98019128e+03,
       2.20689551e+03, 1.86403320e+03, 2.31551685e+03, 2.32401611e+03,
       2.31764063e+03, 2.21072754e+03, 2.31945947e+03, 2.09631934e+03,
       2.32129956e+03, 1.98093079e+03, 2.32273926e+03, 1.86500964e+03,
       2.42931738e+03, 2.32308765e+03, 2.43222876e+03, 2.21045483e+03,
       2.43400342e+03, 2.09640283e+03, 2.43619434e+03, 1.98145178e+03,
       2.43776343e+03, 1.86567834e+03, 2.54224268e+03, 2.32200439e+03,
       2.54523657e+03, 2.20947583e+03, 2.54796313e+03, 2.09615161e+03,
       2.54943921e+03, 1.98154236e+03, 2.55124219e+03, 1.86639355e+03,
       2.65423120e+03, 2.32065649e+03, 2.65679712e+03, 2.20814429e+03,
       2.66035522e+03, 2.09559302e+03, 2.66205884e+03, 1.98141968e+03,
       2.66342285e+03, 1.86656970e+03, 2.76442603e+03, 2.31866602e+03,
       2.76716479e+03, 2.20665796e+03, 2.77054956e+03, 2.09444678e+03,
       2.77247461e+03, 1.98135779e+03, 2.77390991e+03, 1.86708240e+03,
       2.87173706e+03, 2.31570483e+03, 2.87543628e+03, 2.20466748e+03,
       2.87829004e+03, 2.09312695e+03, 2.88043774e+03, 1.98051331e+03,
       2.88195728e+03, 1.86745850e+03 ]
   - [ 2.40046289e+03, 2.32459375e+03, 2.40255127e+03, 2.21141089e+03,
       2.40488330e+03, 2.09735254e+03, 2.40676367e+03, 1.98183777e+03,
       2.40861694e+03, 1.86600854e+03, 2.51367749e+03, 2.32378760e+03,
       2.51655469e+03, 2.21084277e+03, 2.51906738e+03, 2.09714233e+03,
       2.52087329e+03, 1.98219092e+03, 2.52303418e+03, 1.86687683e+03,
       2.62534497e+03, 2.32205078e+03, 2.62928833e+03, 2.20998999e+03,
       2.63150415e+03, 2.09652734e+03, 2.63370752e+03, 1.98223413e+03,
       2.63569434e+03, 1.86746924e+03, 2.73597241e+03, 2.31998096e+03,
       2.73941138e+03, 2.20813159e+03, 2.74306152e+03, 2.09572900e+03,
       2.74485547e+03, 1.98197253e+03, 2.74652881e+03, 1.86768213e+03,
       2.84545850e+03, 2.31791016e+03, 2.84847705e+03, 2.20630957e+03,
       2.85226953e+03, 2.09477661e+03, 2.85431226e+03, 1.98148315e+03,
       2.85577783e+03, 1.86793335e+03, 2.95214331e+03, 2.31485962e+03,
       2.95538647e+03, 2.20401587e+03, 2.95917529e+03, 2.09321021e+03,
       2.96142090e+03, 1.98090210e+03, 2.96295703e+03, 1.86812146e+03,
       3.05587988e+03, 2.31138110e+03, 3.05986694e+03, 2.20155444e+03,
       3.06327856e+03, 2.09135791e+03, 3.06556689e+03, 1.97995813e+03,
       3.06735181e+03, 1.86802759e+03 ]
   - [ 1.60009448e+03, 2.11562842e+03, 1.60052966e+03, 2.00077698e+03,
       1.60129944e+03, 1.88550378e+03, 1.60251648e+03, 1.76956445e+03,
       1.60381860e+03, 1.65373706e+03, 1.71477539e+03, 2.11809277e+03,
       1.71588428e+03, 2.00292651e+03, 1.71652124e+03, 1.88731934e+03,
       1.71794275e+03, 1.77122046e+03, 1.71927466e+03, 1.65491077e+03,
       1.83055872e+03, 2.11968555e+03, 1.83134875e+03, 2.00457983e+03,
       1.83245837e+03, 1.88862231e+03, 1.83384375e+03, 1.77261951e+03,
       1.83510718e+03, 1.65639832e+03, 1.94641846e+03, 2.12140454e+03,
       1.94766248e+03, 2.00577832e+03, 1.94869214e+03, 1.89019446e+03,
       1.95024280e+03, 1.77406580e+03, 1.95124060e+03, 1.65773230e+03,
       2.06270581e+03, 2.12244067e+03, 2.06399023e+03, 2.00699731e+03,
       2.06541943e+03, 1.89153992e+03, 2.06651074e+03, 1.77521545e+03,
       2.06763135e+03, 1.65874561e+03, 2.17868677e+03, 2.12342456e+03,
       2.18005591e+03, 2.00796680e+03, 2.18166504e+03, 1.89243152e+03,
       2.18275269e+03, 1.77642395e+03, 2.18366895e+03, 1.66033630e+03,
       2.29377539e+03, 2.12364575e+03, 2.29554858e+03, 2.00866785e+03,
       2.29678271e+03, 1.89323694e+03, 2.29816504e+03, 1.77768994e+03,
       2.29892065e+03, 1.66156433e+03 ]
   - [ 1.79957129e+03, 2.12049707e+03, 1.80038708e+03, 2.00496436e+03,
       1.80113550e+03, 1.88901404e+03, 1.80249963e+03, 1.77276831e+03,
       1.80384973e+03, 1.65628052e+03, 1.91556726e+03, 2.12185840e+03,
       1.91664941e+03, 2.00657373e+03, 1.91759241e+03, 1.89046753e+03,
       1.91895117e+03, 1.77413879e+03, 1.92023621e+03, 1.65754431e+03,
       2.03189380e+03, 2.12294995e+03, 2.03293787e+03, 2.00780945e+03,
       2.03413342e+03, 1.89179907e+03, 2.03545752e+03, 1.77547876e+03,
       2.03656079e+03, 1.65872266e+03, 2.14777344e+03, 2.12383032e+03,
       2.14942310e+03, 2.00837512e+03, 2.15061328e+03, 1.89299023e+03,
       2.15188306e+03, 1.77654248e+03, 2.15286792e+03, 1.66018481e+03,
       2.26381616e+03, 2.12442505e+03, 2.26526196e+03, 2.00934241e+03,
       2.26692505e+03, 1.89374927e+03, 2.26808813e+03, 1.77761804e+03,
       2.26880444e+03, 1.66148779e+03, 2.37891309e+03, 2.12458862e+03,
       2.38036230e+03, 2.00966919e+03, 2.38225244e+03, 1.89461560e+03,
       2.38312939e+03, 1.77861646e+03, 2.38405591e+03, 1.66268518e+03,
       2.49234766e+03, 2.12429102e+03, 2.49428760e+03, 2.00987610e+03,
       2.49586694e+03, 1.89485144e+03, 2.49686792e+03, 1.77977344e+03,
       2.49744922e+03, 1.66421533e+03 ]
   - [ 2.00223682e+03, 2.12374902e+03, 2.00308997e+03, 2.00799329e+03,
       2.00441638e+03, 1.89197729e+03, 2.00563477e+03, 1.77539526e+03,
       2.00709961e+03, 1.65885474e+03, 2.11857886e+03, 2.12474658e+03,
       2.12003687e+03, 2.00935132e+03, 2.12135571e+03, 1.89321399e+03,
       2.12242505e+03, 1.77663879e+03, 2.12357104e+03, 1.66007886e+03,
       2.23446338e+03, 2.12504639e+03, 2.23613745e+03, 2.01027283e+03,
       2.23735474e+03, 1.89412122e+03, 2.23858350e+03, 1.77778687e+03,
       2.23983887e+03, 1.66148352e+03, 2.34983130e+03, 2.12545459e+03,
       2.35137964e+03, 2.01027234e+03, 2.35333618e+03, 1.89504480e+03,
       2.35425928e+03, 1.77901819e+03, 2.35522485e+03, 1.66283447e+03,
       2.46451733e+03, 2.12533301e+03, 2.46626270e+03, 2.01032959e+03,
       2.46807275e+03, 1.89556128e+03, 2.46915063e+03, 1.77988208e+03,
       2.46964624e+03, 1.66423669e+03, 2.57785083e+03, 2.12495068e+03,
       2.57941870e+03, 2.01039111e+03, 2.58142505e+03, 1.89598218e+03,
       2.58232129e+03, 1.78088550e+03, 2.58289453e+03, 1.66577893e+03,
       2.68898633e+03, 2.12367578e+03, 2.69107666e+03, 2.01026746e+03,
       2.69284595e+03, 1.89609167e+03, 2.69370605e+03, 1.78171631e+03,
       2.69420020e+03, 1.66727881e+03 ]
   - [ 2.20313379e+03, 2.12634521e+03, 2.20456348e+03, 2.01062500e+03,
       2.20606934e+03, 1.89471191e+03, 2.20718481e+03, 1.77817444e+03,
       2.20849561e+03, 1.66153638e+03, 2.31889404e+03, 2.12664160e+03,
       2.32062305e+03, 2.01131702e+03, 2.32216260e+03, 1.89552222e+03,
       2.32336865e+03, 1.77935803e+03, 2.32450586e+03, 1.66286841e+03,
       2.43334424e+03, 2.12623901e+03, 2.43578979e+03, 2.01183289e+03,
       2.43709888e+03, 1.89618359e+03, 2.43849487e+03, 1.78039783e+03,
       2.43936548e+03, 1.66439966e+03, 2.54734399e+03, 2.12588647e+03,
       2.54930249e+03, 2.01152283e+03, 2.55154028e+03, 1.89652771e+03,
       2.55216724e+03, 1.78132581e+03, 2.55297290e+03, 1.66581091e+03,
       2.65996387e+03, 2.12537524e+03, 2.66160083e+03, 2.01118323e+03,
       2.66414502e+03, 1.89712744e+03, 2.66497046e+03, 1.78222266e+03,
       2.66532129e+03, 1.66730493e+03, 2.77076147e+03, 2.12418921e+03,
       2.77239771e+03, 2.01066150e+03, 2.77467603e+03, 1.89719653e+03,
       2.77548071e+03, 1.78285034e+03, 2.77579395e+03, 1.66854480e+03,
       2.87857959e+03, 2.12249170e+03, 2.88113696e+03, 2.00986694e+03,
       2.88264429e+03, 1.89724573e+03, 2.88367163e+03, 1.78366138e+03,
       2.88395239e+03, 1.67016235e+03 ]
   - [ 2.40394531e+03, 2.12756738e+03, 2.40560352e+03, 2.01227124e+03,
       2.40751880e+03, 1.89668994e+03, 2.40876050e+03, 1.78057068e+03,
       2.41006396e+03, 1.66442883e+03, 2.51830298e+03, 2.12723975e+03,
       2.52046973e+03, 2.01256641e+03, 2.52202979e+03, 1.89744653e+03,
       2.52325439e+03, 1.78165356e+03, 2.52441479e+03, 1.66564124e+03,
       2.63049976e+03, 2.12640063e+03, 2.63358374e+03, 2.01245459e+03,
       2.63501611e+03, 1.89766394e+03, 2.63634448e+03, 1.78259851e+03,
       2.63716235e+03, 1.66731812e+03, 2.74193921e+03, 2.12544043e+03,
       2.74430103e+03, 2.01184192e+03, 2.74693164e+03, 1.89791821e+03,
       2.74748755e+03, 1.78342493e+03, 2.74819092e+03, 1.66862830e+03,
       2.85188745e+03, 2.12402686e+03, 2.85366650e+03, 2.01097839e+03,
       2.85653979e+03, 1.89801208e+03, 2.85737354e+03, 1.78406567e+03,
       2.85744751e+03, 1.67023633e+03, 2.95934351e+03, 2.12255420e+03,
       2.96116870e+03, 2.01007141e+03, 2.96369482e+03, 1.89788416e+03,
       2.96452661e+03, 1.78472791e+03, 2.96457568e+03, 1.67153271e+03,
       3.06340381e+03, 2.12049146e+03, 3.06596631e+03, 2.00906482e+03,
       3.06768872e+03, 1.89755750e+03, 3.06888672e+03, 1.78540027e+03,
       3.06905615e+03, 1.67316064e+03 ]
