%YAML:1.0
---
points:
   - [ 1.58486304e+03, 2.47885938e+03, 1.70322693e+03, 2.47920874e+03,
       1.82093250e+03, 2.47892871e+03, 1.93838818e+03, 2.47953076e+03,
       2.05554956e+03, 2.48007397e+03, 2.17244141e+03, 2.48074487e+03,
       2.28890137e+03, 2.48126563e+03, 1.58230127e+03, 2.59819482e+03,
       1.70091528e+03, 2.59872168e+03, 1.81892480e+03, 2.59896606e+03,
       1.93667102e+03, 2.59911841e+03, 2.05409302e+03, 2.59970801e+03,
       2.17139136e+03, 2.60045044e+03, 2.28797900e+03, 2.60060791e+03,
       1.57921399e+03, 2.71930908e+03, 1.69828296e+03, 2.71941260e+03,
       1.81641064e+03, 2.71923022e+03, 1.93455505e+03, 2.71992163e+03,
       2.05250464e+03, 2.72031226e+03, 2.17011572e+03, 2.72084009e+03,
       2.28725562e+03, 2.72084839e+03, 1.57656165e+03, 2.84010791e+03,
       1.69570813e+03, 2.84034790e+03, 1.81381946e+03, 2.84048584e+03,
       1.93262915e+03, 2.83977539e+03, 2.05065576e+03, 2.84016138e+03,
       2.16848193e+03, 2.84056567e+03, 2.28598340e+03, 2.84106006e+03,
       1.57337354e+03, 2.96208594e+03, 1.69291260e+03, 2.96225854e+03,
       1.81180994e+03, 2.96099683e+03, 1.93037830e+03, 2.96141602e+03,
       2.04911646e+03, 2.96228125e+03, 2.16743237e+03, 2.96297876e+03,
       2.28526392e+03, 2.96261108e+03 ]
   - [ 1.78833289e+03, 2.47937451e+03, 1.90596716e+03, 2.48006128e+03,
       2.02335339e+03, 2.48021973e+03, 2.14022607e+03, 2.48052588e+03,
       2.25729004e+03, 2.48137622e+03, 2.37417896e+03, 2.48207080e+03,
       2.49055957e+03, 2.48287842e+03, 1.78625562e+03, 2.59911646e+03,
       1.90425171e+03, 2.59915381e+03, 2.02197656e+03, 2.59977783e+03,
       2.13924316e+03, 2.60013647e+03, 2.25653613e+03, 2.60104639e+03,
       2.37377686e+03, 2.60178418e+03, 2.49015088e+03, 2.60263672e+03,
       1.78392859e+03, 2.71948315e+03, 1.90218933e+03, 2.71973608e+03,
       2.02024146e+03, 2.71995190e+03, 2.13803931e+03, 2.72103174e+03,
       2.25572974e+03, 2.72173975e+03, 2.37330078e+03, 2.72232642e+03,
       2.48992065e+03, 2.72235962e+03, 1.78136267e+03, 2.84007324e+03,
       1.90017358e+03, 2.84139722e+03, 2.01832080e+03, 2.84139844e+03,
       2.13653906e+03, 2.84051978e+03, 2.25435205e+03, 2.84126050e+03,
       2.37213892e+03, 2.84183862e+03, 2.48954468e+03, 2.84288428e+03,
       1.77897388e+03, 2.96219409e+03, 1.89803796e+03, 2.96245581e+03,
       2.01655908e+03, 2.96155664e+03, 2.13511377e+03, 2.96238916e+03,
       2.25338281e+03, 2.96366577e+03, 2.37154004e+03, 2.96431177e+03,
       2.48910278e+03, 2.96450854e+03 ]
   - [ 1.99424878e+03, 2.48025171e+03, 2.11168921e+03, 2.48120264e+03,
       2.22885352e+03, 2.48146313e+03, 2.34583936e+03, 2.48207886e+03,
       2.46253174e+03, 2.48326440e+03, 2.57937476e+03, 2.48456323e+03,
       2.69574292e+03, 2.48541772e+03, 1.99220337e+03, 2.59954150e+03,
       2.11036938e+03, 2.60022437e+03, 2.22760010e+03, 2.60129810e+03,
       2.34502002e+03, 2.60171753e+03, 2.46234009e+03, 2.60297827e+03,
       2.57938062e+03, 2.60403833e+03, 2.69586768e+03, 2.60461377e+03,
       1.99086218e+03, 2.72025830e+03, 2.10876318e+03, 2.72087476e+03,
       2.22641602e+03, 2.72134546e+03, 2.34461938e+03, 2.72270435e+03,
       2.46217017e+03, 2.72386816e+03, 2.57945972e+03, 2.72445313e+03,
       2.69610645e+03, 2.72480298e+03, 1.98925598e+03, 2.84073608e+03,
       2.10744360e+03, 2.84175537e+03, 2.22554736e+03, 2.84269604e+03,
       2.34351831e+03, 2.84213794e+03, 2.46091699e+03, 2.84306055e+03,
       2.57876953e+03, 2.84404175e+03, 2.69626514e+03, 2.84507056e+03,
       1.98710657e+03, 2.96268286e+03, 2.10595752e+03, 2.96329175e+03,
       2.22395654e+03, 2.96281641e+03, 2.34256396e+03, 2.96375464e+03,
       2.46076782e+03, 2.96494409e+03, 2.57890430e+03, 2.96631055e+03,
       2.69624463e+03, 2.96622754e+03 ]
   - [ 2.19887573e+03, 2.48234937e+03, 2.31637134e+03, 2.48335547e+03,
       2.43348438e+03, 2.48433691e+03, 2.55036255e+03, 2.48531152e+03,
       2.66712451e+03, 2.48645850e+03, 2.78415527e+03, 2.48788916e+03,
       2.90057788e+03, 2.48897119e+03, 2.19763037e+03, 2.60157813e+03,
       2.31529468e+03, 2.60256445e+03, 2.43290942e+03, 2.60376709e+03,
       2.54989014e+03, 2.60465112e+03, 2.66745386e+03, 2.60619800e+03,
       2.78456177e+03, 2.60744629e+03, 2.90107227e+03, 2.60835718e+03,
       2.19676270e+03, 2.72233716e+03, 2.31457300e+03, 2.72333276e+03,
       2.43210718e+03, 2.72409985e+03, 2.54993945e+03, 2.72560010e+03,
       2.66790991e+03, 2.72688843e+03, 2.78522168e+03, 2.72773535e+03,
       2.90193701e+03, 2.72835205e+03, 2.19519482e+03, 2.84283862e+03,
       2.31373657e+03, 2.84403296e+03, 2.43183643e+03, 2.84532959e+03,
       2.54908984e+03, 2.84520630e+03, 2.66685620e+03, 2.84599756e+03,
       2.78484766e+03, 2.84755029e+03, 2.90242749e+03, 2.84843457e+03,
       2.19387988e+03, 2.96492505e+03, 2.31241455e+03, 2.96557593e+03,
       2.43056909e+03, 2.96567188e+03, 2.54893433e+03, 2.96691797e+03,
       2.66742358e+03, 2.96852100e+03, 2.78571704e+03, 2.96963184e+03,
       2.90326709e+03, 2.96988330e+03 ]
   - [ 2.40449341e+03, 2.48502173e+03, 2.52209033e+03, 2.48659082e+03,
       2.63909351e+03, 2.48757715e+03, 2.75585107e+03, 2.48881445e+03,
       2.87292896e+03, 2.49003809e+03, 2.99030981e+03, 2.49177246e+03,
       3.10680615e+03, 2.49308228e+03, 2.40348389e+03, 2.60435913e+03,
       2.52112061e+03, 2.60578540e+03, 2.63869434e+03, 2.60741138e+03,
       2.75591016e+03, 2.60824170e+03, 2.87362817e+03, 2.60998364e+03,
       2.99097827e+03, 2.61163281e+03, 3.10795435e+03, 2.61266040e+03,
       2.40288257e+03, 2.72523145e+03, 2.52084253e+03, 2.72627222e+03,
       2.63832056e+03, 2.72716797e+03, 2.75645264e+03, 2.72916626e+03,
       2.87460767e+03, 2.73065894e+03, 2.99192407e+03, 2.73163916e+03,
       3.10899146e+03, 2.73257813e+03, 2.40197412e+03, 2.84541699e+03,
       2.52031836e+03, 2.84697803e+03, 2.63855933e+03, 2.84859912e+03,
       2.75595947e+03, 2.84880762e+03, 2.87381714e+03, 2.85004370e+03,
       2.99178247e+03, 2.85147510e+03, 3.10956104e+03, 2.85266675e+03,
       2.40141138e+03, 2.96734106e+03, 2.51974951e+03, 2.96871362e+03,
       2.63764136e+03, 2.96871484e+03, 2.75607690e+03, 2.96997217e+03,
       2.87493848e+03, 2.97229126e+03, 2.99334082e+03, 2.97370215e+03,
       3.11090479e+03, 2.97441528e+03 ]
   - [ 1.59002771e+03, 2.27176001e+03, 1.70774451e+03, 2.27272461e+03,
       1.82556042e+03, 2.27274316e+03, 1.94254944e+03, 2.27326196e+03,
       2.05944458e+03, 2.27390308e+03, 2.17598584e+03, 2.27491187e+03,
       2.29209180e+03, 2.27563232e+03, 1.58732727e+03, 2.39057300e+03,
       1.70560925e+03, 2.39088037e+03, 1.82338635e+03, 2.39160645e+03,
       1.94104797e+03, 2.39181665e+03, 2.05818774e+03, 2.39268115e+03,
       2.17488818e+03, 2.39359570e+03, 2.29129541e+03, 2.39419580e+03,
       1.58472095e+03, 2.51037500e+03, 1.70330078e+03, 2.51065674e+03,
       1.82131519e+03, 2.51054077e+03, 1.93890857e+03, 2.51178467e+03,
       2.05667139e+03, 2.51235718e+03, 2.17408057e+03, 2.51277246e+03,
       2.29066699e+03, 2.51312012e+03, 1.58214636e+03, 2.63023682e+03,
       1.70098059e+03, 2.63069727e+03, 1.81930603e+03, 2.63093188e+03,
       1.93726245e+03, 2.63044653e+03, 2.05486182e+03, 2.63100317e+03,
       2.17238892e+03, 2.63158472e+03, 2.28949756e+03, 2.63261694e+03,
       1.57913074e+03, 2.75113867e+03, 1.69823425e+03, 2.75132178e+03,
       1.81686646e+03, 2.75055493e+03, 1.93512183e+03, 2.75131299e+03,
       2.05350659e+03, 2.75231323e+03, 2.17146240e+03, 2.75295117e+03,
       2.28886890e+03, 2.75298755e+03 ]
   - [ 1.79329041e+03, 2.27309839e+03, 1.91054602e+03, 2.27364404e+03,
       2.02763647e+03, 2.27385913e+03, 2.14454028e+03, 2.27472656e+03,
       2.26104297e+03, 2.27568018e+03, 2.37765356e+03, 2.27694604e+03,
       2.49377075e+03, 2.27762549e+03, 1.79112585e+03, 2.39132959e+03,
       1.90880994e+03, 2.39196680e+03, 2.02636597e+03, 2.39262988e+03,
       2.14338477e+03, 2.39339795e+03, 2.26050537e+03, 2.39428784e+03,
       2.37701050e+03, 2.39537549e+03, 2.49340918e+03, 2.39618726e+03,
       1.78891016e+03, 2.51102734e+03, 1.90704211e+03, 2.51139380e+03,
       2.02463086e+03, 2.51190186e+03, 2.14215283e+03, 2.51331104e+03,
       2.25960010e+03, 2.51399023e+03, 2.37670801e+03, 2.51451123e+03,
       2.49308398e+03, 2.51521216e+03, 1.78695251e+03, 2.63095166e+03,
       1.90519397e+03, 2.63133154e+03, 2.02315564e+03, 2.63200146e+03,
       2.14081006e+03, 2.63203125e+03, 2.25822583e+03, 2.63266895e+03,
       2.37554639e+03, 2.63366626e+03, 2.49291357e+03, 2.63449243e+03,
       1.78453674e+03, 2.75172900e+03, 1.90319470e+03, 2.75209668e+03,
       2.02114465e+03, 2.75177100e+03, 2.13922217e+03, 2.75279321e+03,
       2.25761670e+03, 2.75359497e+03, 2.37535498e+03, 2.75474683e+03,
       2.49221851e+03, 2.75524146e+03 ]
   - [ 1.99829028e+03, 2.27394727e+03, 2.11579688e+03, 2.27493994e+03,
       2.23261938e+03, 2.27582764e+03, 2.34900928e+03, 2.27682202e+03,
       2.46552490e+03, 2.27779980e+03, 2.58227051e+03, 2.27933838e+03,
       2.69822412e+03, 2.28046265e+03, 1.99675574e+03, 2.39247144e+03,
       2.11421240e+03, 2.39350391e+03, 2.23134595e+03, 2.39446484e+03,
       2.34832324e+03, 2.39536987e+03, 2.46528467e+03, 2.39663477e+03,
       2.58203467e+03, 2.39778931e+03, 2.69846997e+03, 2.39894116e+03,
       1.99501819e+03, 2.51216797e+03, 2.11293848e+03, 2.51298315e+03,
       2.23026831e+03, 2.51364063e+03, 2.34784912e+03, 2.51507471e+03,
       2.46522949e+03, 2.51624219e+03, 2.58240137e+03, 2.51729175e+03,
       2.69876123e+03, 2.51805615e+03, 1.99355273e+03, 2.63203076e+03,
       2.11171118e+03, 2.63317358e+03, 2.22932324e+03, 2.63381763e+03,
       2.34666675e+03, 2.63426489e+03, 2.46417114e+03, 2.63517603e+03,
       2.58174731e+03, 2.63606787e+03, 2.69881348e+03, 2.63712964e+03,
       1.99184082e+03, 2.75277319e+03, 2.11002197e+03, 2.75357056e+03,
       2.22778589e+03, 2.75347534e+03, 2.34585132e+03, 2.75434204e+03,
       2.46413330e+03, 2.75602148e+03, 2.58212476e+03, 2.75731274e+03,
       2.69909375e+03, 2.75786035e+03 ]
   - [ 2.20218481e+03, 2.27626733e+03, 2.31921558e+03, 2.27760718e+03,
       2.43604492e+03, 2.27871631e+03, 2.55263550e+03, 2.27985400e+03,
       2.66921558e+03, 2.28091919e+03, 2.78612695e+03, 2.28263745e+03,
       2.90227368e+03, 2.28393604e+03, 2.20073340e+03, 2.39480615e+03,
       2.31814648e+03, 2.39590967e+03, 2.43535156e+03, 2.39725610e+03,
       2.55232837e+03, 2.39827197e+03, 2.66962988e+03, 2.39994922e+03,
       2.78668750e+03, 2.40124805e+03, 2.90292578e+03, 2.40251343e+03,
       2.19984570e+03, 2.51441162e+03, 2.31734351e+03, 2.51551050e+03,
       2.43460742e+03, 2.51644312e+03, 2.55247095e+03, 2.51822290e+03,
       2.67013086e+03, 2.51973950e+03, 2.78708911e+03, 2.52072217e+03,
       2.90365479e+03, 2.52165674e+03, 2.19881689e+03, 2.63397461e+03,
       2.31668921e+03, 2.63540308e+03, 2.43464185e+03, 2.63682886e+03,
       2.55169434e+03, 2.63711328e+03, 2.66917603e+03, 2.63816553e+03,
       2.78682788e+03, 2.63972974e+03, 2.90413599e+03, 2.64102222e+03,
       2.19755029e+03, 2.75500513e+03, 2.31570679e+03, 2.75604590e+03,
       2.43308521e+03, 2.75617725e+03, 2.55121313e+03, 2.75772339e+03,
       2.66958838e+03, 2.75942749e+03, 2.78787085e+03, 2.76070508e+03,
       2.90480103e+03, 2.76167554e+03 ]
   - [ 2.40675977e+03, 2.27934619e+03, 2.52403442e+03, 2.28080444e+03,
       2.64088110e+03, 2.28192114e+03, 2.75752002e+03, 2.28333228e+03,
       2.87451050e+03, 2.28486426e+03, 2.99158936e+03, 2.28644727e+03,
       3.10802832e+03, 2.28799707e+03, 2.40593384e+03, 2.39775928e+03,
       2.52339819e+03, 2.39904248e+03, 2.64074121e+03, 2.40062256e+03,
       2.75768750e+03, 2.40203271e+03, 2.87514575e+03, 2.40374512e+03,
       2.99257300e+03, 2.40546582e+03, 3.10916138e+03, 2.40683130e+03,
       2.40525586e+03, 2.51728442e+03, 2.52301221e+03, 2.51854517e+03,
       2.64020801e+03, 2.51988892e+03, 2.75827271e+03, 2.52191528e+03,
       2.87608081e+03, 2.52338354e+03, 2.99347461e+03, 2.52482813e+03,
       3.11008301e+03, 2.52590405e+03, 2.40451465e+03, 2.63714502e+03,
       2.52258643e+03, 2.63864404e+03, 2.64071826e+03, 2.64033667e+03,
       2.75771533e+03, 2.64078613e+03, 2.87548706e+03, 2.64226953e+03,
       2.99344531e+03, 2.64379468e+03, 3.11104590e+03, 2.64532666e+03,
       2.40374731e+03, 2.75788379e+03, 2.52216675e+03, 2.75917334e+03,
       2.63962549e+03, 2.75982935e+03, 2.75783545e+03, 2.76134473e+03,
       2.87641675e+03, 2.76323682e+03, 2.99495386e+03, 2.76514355e+03,
       3.11216797e+03, 2.76608447e+03 ]
   - [ 1.59516711e+03, 2.06289893e+03, 1.71266016e+03, 2.06362231e+03,
       1.83022827e+03, 2.06445068e+03, 1.94688123e+03, 2.06515967e+03,
       2.06350073e+03, 2.06611523e+03, 2.17985181e+03, 2.06720972e+03,
       2.29574438e+03, 2.06828101e+03, 1.59295483e+03, 2.18082153e+03,
       1.71088733e+03, 2.18135254e+03, 1.82799170e+03, 2.18195679e+03,
       1.94540173e+03, 2.18281836e+03, 2.06223291e+03, 2.18387256e+03,
       2.17868970e+03, 2.18469678e+03, 2.29500317e+03, 2.18563428e+03,
       1.59034839e+03, 2.29954565e+03, 1.70867712e+03, 2.29995947e+03,
       1.82612610e+03, 2.30026050e+03, 1.94347412e+03, 2.30123999e+03,
       2.06072827e+03, 2.30238330e+03, 2.17785913e+03, 2.30316650e+03,
       2.29413306e+03, 2.30389160e+03, 1.58778101e+03, 2.41827661e+03,
       1.70616638e+03, 2.41872778e+03, 1.82412366e+03, 2.41960571e+03,
       1.94169885e+03, 2.41959229e+03, 2.05914258e+03, 2.42009448e+03,
       2.17650391e+03, 2.42123730e+03, 2.29324780e+03, 2.42216431e+03,
       1.58528418e+03, 2.53846729e+03, 1.70394507e+03, 2.53847217e+03,
       1.82181506e+03, 2.53830249e+03, 1.93993994e+03, 2.53895605e+03,
       2.05774414e+03, 2.53988062e+03, 2.17527246e+03, 2.54108984e+03,
       2.29235449e+03, 2.54144360e+03 ]
   - [ 1.79800073e+03, 2.06442725e+03, 1.91516760e+03, 2.06545044e+03,
       2.03203882e+03, 2.06625146e+03, 2.14852393e+03, 2.06717920e+03,
       2.26489893e+03, 2.06812769e+03, 2.38126953e+03, 2.06957373e+03,
       2.49716455e+03, 2.07055615e+03, 1.79593799e+03, 2.18221143e+03,
       1.91344824e+03, 2.18275903e+03, 2.03048572e+03, 2.18403931e+03,
       2.14737939e+03, 2.18461890e+03, 2.26409033e+03, 2.18583936e+03,
       2.38064941e+03, 2.18718408e+03, 2.49677393e+03, 2.18818848e+03,
       1.79398230e+03, 2.30073560e+03, 1.91176392e+03, 2.30134253e+03,
       2.02895679e+03, 2.30209570e+03, 2.14615649e+03, 2.30323145e+03,
       2.26338306e+03, 2.30423438e+03, 2.38028784e+03, 2.30527808e+03,
       2.49626489e+03, 2.30621069e+03, 1.79198999e+03, 2.41927417e+03,
       1.90992017e+03, 2.42039038e+03, 2.02754993e+03, 2.42114722e+03,
       2.14492993e+03, 2.42136060e+03, 2.26204980e+03, 2.42226465e+03,
       2.37925928e+03, 2.42335352e+03, 2.49601050e+03, 2.42445972e+03,
       1.78978259e+03, 2.53906177e+03, 1.90811646e+03, 2.53991089e+03,
       2.02583887e+03, 2.53984668e+03, 2.14351636e+03, 2.54087744e+03,
       2.26147949e+03, 2.54211548e+03, 2.37873535e+03, 2.54333423e+03,
       2.49584204e+03, 2.54418115e+03 ]
   - [ 2.00261194e+03, 2.06628687e+03, 2.11952344e+03, 2.06739038e+03,
       2.23610669e+03, 2.06828491e+03, 2.35249121e+03, 2.06928394e+03,
       2.46878125e+03, 2.07072314e+03, 2.58516260e+03, 2.07225195e+03,
       2.70110547e+03, 2.07370093e+03, 2.00101855e+03, 2.18386304e+03,
       2.11812622e+03, 2.18480591e+03, 2.23518311e+03, 2.18595728e+03,
       2.35177515e+03, 2.18712793e+03, 2.46868701e+03, 2.18847583e+03,
       2.58517334e+03, 2.18981177e+03, 2.70130347e+03, 2.19111035e+03,
       1.99946655e+03, 2.30220947e+03, 2.11699146e+03, 2.30322803e+03,
       2.23397412e+03, 2.30417188e+03, 2.35113623e+03, 2.30551221e+03,
       2.46826782e+03, 2.30684106e+03, 2.58528198e+03, 2.30807324e+03,
       2.70151514e+03, 2.30914282e+03, 1.99790698e+03, 2.42100415e+03,
       2.11551587e+03, 2.42228418e+03, 2.23322485e+03, 2.42353345e+03,
       2.34999316e+03, 2.42373389e+03, 2.46729346e+03, 2.42480005e+03,
       2.58462231e+03, 2.42628491e+03, 2.70154468e+03, 2.42774316e+03,
       1.99620020e+03, 2.54101709e+03, 2.11419360e+03, 2.54196069e+03,
       2.23157422e+03, 2.54198242e+03, 2.34926221e+03, 2.54331763e+03,
       2.46740869e+03, 2.54481885e+03, 2.58497876e+03, 2.54622437e+03,
       2.70163184e+03, 2.54728760e+03 ]
   - [ 2.20549365e+03, 2.06871680e+03, 2.32250610e+03, 2.07007544e+03,
       2.43880151e+03, 2.07103052e+03, 2.55531372e+03, 2.07237769e+03,
       2.67165088e+03, 2.07373901e+03, 2.78831641e+03, 2.07552881e+03,
       2.90440088e+03, 2.07702759e+03, 2.20408008e+03, 2.18627490e+03,
       2.32129980e+03, 2.18766455e+03, 2.43823389e+03, 2.18909497e+03,
       2.55473315e+03, 2.19023633e+03, 2.67196045e+03, 2.19176685e+03,
       2.78874268e+03, 2.19328296e+03, 2.90509546e+03, 2.19487524e+03,
       2.20299683e+03, 2.30487158e+03, 2.32052417e+03, 2.30603687e+03,
       2.43743945e+03, 2.30719849e+03, 2.55487134e+03, 2.30891187e+03,
       2.67216943e+03, 2.31042261e+03, 2.78925537e+03, 2.31170459e+03,
       2.90558862e+03, 2.31305127e+03, 2.20186670e+03, 2.42352954e+03,
       2.31964160e+03, 2.42507861e+03, 2.43729102e+03, 2.42623438e+03,
       2.55420825e+03, 2.42707324e+03, 2.67137988e+03, 2.42826343e+03,
       2.78879077e+03, 2.42979004e+03, 2.90619141e+03, 2.43159302e+03,
       2.20105347e+03, 2.54361938e+03, 2.31863330e+03, 2.54444434e+03,
       2.43607935e+03, 2.54542578e+03, 2.55390894e+03, 2.54661182e+03,
       2.67183008e+03, 2.54827881e+03, 2.78988062e+03, 2.54996118e+03,
       2.90663745e+03, 2.55123901e+03 ]
   - [ 2.40941626e+03, 2.07141577e+03, 2.52650220e+03, 2.07323389e+03,
       2.64312573e+03, 2.07456250e+03, 2.75960840e+03, 2.07587988e+03,
       2.87633301e+03, 2.07756396e+03, 2.99324902e+03, 2.07934058e+03,
       3.10970020e+03, 2.08077368e+03, 2.40835620e+03, 2.18926855e+03,
       2.52567456e+03, 2.19072461e+03, 2.64278516e+03, 2.19240601e+03,
       2.75944849e+03, 2.19386426e+03, 2.87696924e+03, 2.19562793e+03,
       2.99406079e+03, 2.19713672e+03, 3.11059863e+03, 2.19881030e+03,
       2.40798413e+03, 2.30781055e+03, 2.52526514e+03, 2.30931836e+03,
       2.64237524e+03, 2.31092212e+03, 2.76031982e+03, 2.31265479e+03,
       2.87777490e+03, 2.31429736e+03, 2.99506201e+03, 2.31582275e+03,
       3.11141553e+03, 2.31735449e+03, 2.40707690e+03, 2.42675684e+03,
       2.52506323e+03, 2.42821753e+03, 2.64275854e+03, 2.43018945e+03,
       2.75964282e+03, 2.43085840e+03, 2.87719336e+03, 2.43257568e+03,
       2.99506323e+03, 2.43427197e+03, 3.11230737e+03, 2.43578174e+03,
       2.40656372e+03, 2.54629590e+03, 2.52453735e+03, 2.54796240e+03,
       2.64183374e+03, 2.54861792e+03, 2.75969287e+03, 2.55050269e+03,
       2.87809766e+03, 2.55239917e+03, 2.99657227e+03, 2.55426538e+03,
       3.11348730e+03, 2.55570166e+03 ]
   - [ 1.59827759e+03, 1.85733728e+03, 1.71560596e+03, 1.85826160e+03,
       1.83278442e+03, 1.85918750e+03, 1.94928015e+03, 1.86038940e+03,
       2.06572119e+03, 1.86127551e+03, 2.18208960e+03, 1.86279724e+03,
       2.29771118e+03, 1.86384827e+03, 1.59629016e+03, 1.97454895e+03,
       1.71386780e+03, 1.97536951e+03, 1.83098755e+03, 1.97623352e+03,
       1.94776831e+03, 1.97719336e+03, 2.06443091e+03, 1.97832434e+03,
       2.18083423e+03, 1.97952588e+03, 2.29693970e+03, 1.98077844e+03,
       1.59400842e+03, 2.09241211e+03, 1.71181165e+03, 2.09297388e+03,
       1.82909753e+03, 2.09362964e+03, 1.94615173e+03, 2.09456372e+03,
       2.06336768e+03, 2.09565552e+03, 2.17994043e+03, 2.09658740e+03,
       2.29606982e+03, 2.09760742e+03, 1.59153479e+03, 2.21011060e+03,
       1.70950647e+03, 2.21089844e+03, 1.82733777e+03, 2.21175732e+03,
       1.94467639e+03, 2.21205322e+03, 2.06172559e+03, 2.21303271e+03,
       2.17861865e+03, 2.21394580e+03, 2.29535571e+03, 2.21504346e+03,
       1.58899841e+03, 2.32944971e+03, 1.70740100e+03, 2.32951245e+03,
       1.82517639e+03, 2.32964526e+03, 1.94284607e+03, 2.33061987e+03,
       2.06031958e+03, 2.33175366e+03, 2.17761523e+03, 2.33266260e+03,
       2.29444214e+03, 2.33344238e+03 ]
   - [ 1.80109521e+03, 1.85929224e+03, 1.91788953e+03, 1.86035547e+03,
       2.03451709e+03, 1.86132263e+03, 2.15077734e+03, 1.86245117e+03,
       2.26707178e+03, 1.86362000e+03, 2.38310986e+03, 1.86507678e+03,
       2.49880151e+03, 1.86643298e+03, 1.79905444e+03, 1.97635547e+03,
       1.91614880e+03, 1.97733093e+03, 2.03323413e+03, 1.97841235e+03,
       2.14985767e+03, 1.97933630e+03, 2.26625977e+03, 1.98061890e+03,
       2.38262207e+03, 1.98192871e+03, 2.49840503e+03, 1.98313599e+03,
       1.79735083e+03, 2.09395630e+03, 1.91471289e+03, 2.09497412e+03,
       2.03181104e+03, 2.09582202e+03, 2.14874292e+03, 2.09688940e+03,
       2.26556567e+03, 2.09805493e+03, 2.38213452e+03, 2.09931738e+03,
       2.49824023e+03, 2.10035254e+03, 1.79552710e+03, 2.21207202e+03,
       1.91307056e+03, 2.21289478e+03, 2.03023071e+03, 2.21372607e+03,
       2.14735425e+03, 2.21433862e+03, 2.26434912e+03, 2.21509351e+03,
       2.38118042e+03, 2.21654028e+03, 2.49780786e+03, 2.21764795e+03,
       1.79340845e+03, 2.33064453e+03, 1.91156689e+03, 2.33150879e+03,
       2.02897705e+03, 2.33181592e+03, 2.14620093e+03, 2.33262256e+03,
       2.26367944e+03, 2.33404419e+03, 2.38086743e+03, 2.33532007e+03,
       2.49764893e+03, 2.33601514e+03 ]
   - [ 2.00497742e+03, 1.86142188e+03, 2.12185693e+03, 1.86242944e+03,
       2.23830884e+03, 1.86362732e+03, 2.35445679e+03, 1.86501294e+03,
       2.47057861e+03, 1.86640515e+03, 2.58665454e+03, 1.86780396e+03,
       2.70257373e+03, 1.86933875e+03, 2.00345178e+03, 1.97839148e+03,
       2.12046704e+03, 1.97952185e+03, 2.23721826e+03, 1.98068896e+03,
       2.35354639e+03, 1.98198975e+03, 2.47030396e+03, 1.98331702e+03,
       2.58666528e+03, 1.98481592e+03, 2.70263428e+03, 1.98623901e+03,
       2.00207568e+03, 2.09607153e+03, 2.11917505e+03, 2.09712109e+03,
       2.23614282e+03, 2.09829761e+03, 2.35294336e+03, 2.09954883e+03,
       2.46990259e+03, 2.10092847e+03, 2.58658594e+03, 2.10234424e+03,
       2.70251245e+03, 2.10358276e+03, 2.00063110e+03, 2.21392090e+03,
       2.11818286e+03, 2.21505225e+03, 2.23525854e+03, 2.21621362e+03,
       2.35213159e+03, 2.21684399e+03, 2.46886182e+03, 2.21823633e+03,
       2.58606714e+03, 2.21961719e+03, 2.70281177e+03, 2.22130908e+03,
       1.99893274e+03, 2.33253955e+03, 2.11683203e+03, 2.33376904e+03,
       2.23398828e+03, 2.33414941e+03, 2.35130615e+03, 2.33554565e+03,
       2.46885083e+03, 2.33697681e+03, 2.58624878e+03, 2.33857544e+03,
       2.70282397e+03, 2.33975708e+03 ]
   - [ 2.20706934e+03, 1.86398730e+03, 2.32364941e+03, 1.86534155e+03,
       2.44023071e+03, 1.86661536e+03, 2.55641357e+03, 1.86815686e+03,
       2.67276489e+03, 1.86936719e+03, 2.78918970e+03, 1.87112463e+03,
       2.90516528e+03, 1.87292993e+03, 2.20582056e+03, 1.98108997e+03,
       2.32282324e+03, 1.98242102e+03, 2.43955347e+03, 1.98387585e+03,
       2.55576294e+03, 1.98522388e+03, 2.67283350e+03, 1.98668884e+03,
       2.78943921e+03, 1.98852026e+03, 2.90555493e+03, 1.98982446e+03,
       2.20478467e+03, 2.09865015e+03, 2.32185254e+03, 2100.,
       2.43861670e+03, 2.10133008e+03, 2.55594678e+03, 2.10277490e+03,
       2.67316113e+03, 2.10433789e+03, 2.78988477e+03, 2.10569531e+03,
       2.90610620e+03, 2.10724487e+03, 2.20383984e+03, 2.21651660e+03,
       2.32115161e+03, 2.21796338e+03, 2.43847070e+03, 2.21924561e+03,
       2.55530688e+03, 2.22034668e+03, 2.67211255e+03, 2.22161670e+03,
       2.78947095e+03, 2.22325464e+03, 2.90669824e+03, 2.22484619e+03,
       2.20279102e+03, 2.33528027e+03, 2.32037646e+03, 2.33648779e+03,
       2.43749731e+03, 2.33737524e+03, 2.55485132e+03, 2.33877710e+03,
       2.67270776e+03, 2.34056641e+03, 2.79046216e+03, 2.34229663e+03,
       2.90717700e+03, 2.34353516e+03 ]
   - [ 2.41059448e+03, 1.86677454e+03, 2.52741040e+03, 1.86842139e+03,
       2.64385571e+03, 1.87000635e+03, 2.76015601e+03, 1.87141162e+03,
       2.87685938e+03, 1.87305542e+03, 2.99372437e+03, 1.87481860e+03,
       3.11019214e+03, 1.87644849e+03, 2.40955884e+03, 1.98399756e+03,
       2.52632861e+03, 1.98553613e+03, 2.64321143e+03, 1.98709045e+03,
       2.76009229e+03, 1.98864783e+03, 2.87726074e+03, 1.99027319e+03,
       2.99428149e+03, 1.99207861e+03, 3.11068335e+03, 1.99374414e+03,
       2.40884692e+03, 2.10194458e+03, 2.52608105e+03, 2.10331958e+03,
       2.64292505e+03, 2.10471143e+03, 2.76060376e+03, 2.10635205e+03,
       2.87786475e+03, 2.10822485e+03, 2.99499048e+03, 2.10982422e+03,
       3.11165210e+03, 2.11144702e+03, 2.40800146e+03, 2.21977832e+03,
       2.52554810e+03, 2.22118066e+03, 2.64319312e+03, 2.22284229e+03,
       2.75980347e+03, 2.22394946e+03, 2.87733350e+03, 2.22561499e+03,
       2.99486694e+03, 2.22724756e+03, 3.11234619e+03, 2.22913086e+03,
       2.40772949e+03, 2.33842749e+03, 2.52507544e+03, 2.33995776e+03,
       2.64217798e+03, 2.34115356e+03, 2.75989355e+03, 2.34264282e+03,
       2.87844971e+03, 2.34476709e+03, 2.99627026e+03, 2.34637769e+03,
       3.11339941e+03, 2.34801147e+03 ]
   - [ 1.60050024e+03, 1.65380493e+03, 1.71799902e+03, 1.65489197e+03,
       1.83480688e+03, 1.65629895e+03, 1.95122083e+03, 1.65756384e+03,
       2.06756470e+03, 1.65852551e+03, 2.18359253e+03, 1.66008459e+03,
       2.29922925e+03, 1.66130505e+03, 1.59883008e+03, 1.77041516e+03,
       1.71638220e+03, 1.77157495e+03, 1.83334375e+03, 1.77260376e+03,
       1.95010718e+03, 1.77381287e+03, 2.06641016e+03, 1.77486328e+03,
       2.18272266e+03, 1.77611353e+03, 2.29859912e+03, 1.77756299e+03,
       1.59676050e+03, 1.88755347e+03, 1.71431372e+03, 1.88846643e+03,
       1.83152197e+03, 1.88910938e+03, 1.94832568e+03, 1.89027844e+03,
       2.06529224e+03, 1.89147754e+03, 2.18180884e+03, 1.89248218e+03,
       2.29758374e+03, 1.89365771e+03, 1.59466614e+03, 2.00478760e+03,
       1.71268066e+03, 2.00563318e+03, 1.82973645e+03, 2.00634656e+03,
       1.94694897e+03, 2.00697009e+03, 2.06383789e+03, 2.00799500e+03,
       2.18049243e+03, 2.00914758e+03, 2.29695801e+03, 2.01040588e+03,
       1.59242871e+03, 2.12271484e+03, 1.71020117e+03, 2.12348877e+03,
       1.82803296e+03, 2.12384839e+03, 1.94523145e+03, 2.12483765e+03,
       2.06252466e+03, 2.12562573e+03, 2.17953320e+03, 2.12686255e+03,
       2.29602002e+03, 2.12781201e+03 ]
   - [ 1.80337012e+03, 1.65620215e+03, 1.92018872e+03, 1.65739258e+03,
       2.03651807e+03, 1.65851404e+03, 2.15277002e+03, 1.65993884e+03,
       2.26895459e+03, 1.66122803e+03, 2.38511206e+03, 1.66243628e+03,
       2.50039429e+03, 1.66400330e+03, 1.80179553e+03, 1.77284106e+03,
       1.91876440e+03, 1.77393652e+03, 2.03535876e+03, 1.77513953e+03,
       2.15181055e+03, 1.77620728e+03, 2.26834375e+03, 1.77742993e+03,
       2.38436597e+03, 1.77871667e+03, 2.50007275e+03, 1.78030151e+03,
       1.79993652e+03, 1.88965991e+03, 1.91711914e+03, 1.89063831e+03,
       2.03395349e+03, 1.89175354e+03, 2.15066211e+03, 1.89298962e+03,
       2.26750122e+03, 1.89405432e+03, 2.38400806e+03, 1.89548682e+03,
       2.49977515e+03, 1.89653125e+03, 1.79842566e+03, 2.00695947e+03,
       1.91573962e+03, 2.00789746e+03, 2.03264673e+03, 2.00883716e+03,
       2.14968262e+03, 2.00947986e+03, 2.26636353e+03, 2.01091077e+03,
       2.38294678e+03, 2.01206775e+03, 2.49933301e+03, 2.01346912e+03,
       1.79656995e+03, 2.12497461e+03, 1.91406665e+03, 2.12546045e+03,
       2.03145776e+03, 2.12617139e+03, 2.14832495e+03, 2.12716895e+03,
       2.26564673e+03, 2.12837646e+03, 2.38265601e+03, 2.12963574e+03,
       2.49895532e+03, 2.13089453e+03 ]
   - [ 2.00707556e+03, 1.65865796e+03, 2.12347266e+03, 1.65983972e+03,
       2.23987891e+03, 1.66122473e+03, 2.35597290e+03, 1.66258130e+03,
       2.47201709e+03, 1.66401501e+03, 2.58813623e+03, 1.66561584e+03,
       2.70385107e+03, 1.66719873e+03, 2.00553369e+03, 1.77507788e+03,
       2.12233179e+03, 1.77628931e+03, 2.23870801e+03, 1.77754846e+03,
       2.35517041e+03, 1.77903491e+03, 2.47176636e+03, 1.78029529e+03,
       2.58787915e+03, 1.78183228e+03, 2.70374390e+03, 1.78332532e+03,
       2.00418164e+03, 1.89196497e+03, 2.12133374e+03, 1.89318030e+03,
       2.23775024e+03, 1.89432727e+03, 2.35471826e+03, 1.89575500e+03,
       2.47134985e+03, 1.89702893e+03, 2.58783472e+03, 1.89845520e+03,
       2.70391577e+03, 1.89979956e+03, 2.00266016e+03, 2.00906750e+03,
       2.12014551e+03, 2.01041589e+03, 2.23698535e+03, 2.01170618e+03,
       2.35351563e+03, 2.01243787e+03, 2.47059717e+03, 2.01360425e+03,
       2.58717310e+03, 2.01513184e+03, 2.70378735e+03, 2.01681860e+03,
       2.00154822e+03, 2.12704663e+03, 2.11887061e+03, 2.12803711e+03,
       2.23592773e+03, 2.12881543e+03, 2.35302002e+03, 2.13020361e+03,
       2.47032666e+03, 2.13154004e+03, 2.58750122e+03, 2.13308325e+03,
       2.70395557e+03, 2.13414209e+03 ]
   - [ 2.20845654e+03, 1.66128003e+03, 2.32498926e+03, 1.66261157e+03,
       2.44119727e+03, 1.66416907e+03, 2.55731323e+03, 1.66563306e+03,
       2.67365649e+03, 1.66720618e+03, 2.78989453e+03, 1.66854370e+03,
       2.90583569e+03, 1.67028430e+03, 2.20720996e+03, 1.77789258e+03,
       2.32399512e+03, 1.77929443e+03, 2.44054785e+03, 1.78069556e+03,
       2.55680151e+03, 1.78212341e+03, 2.67368579e+03, 1.78365820e+03,
       2.79003003e+03, 1.78504407e+03, 2.90606787e+03, 1.78673230e+03,
       2.20631348e+03, 1.89483264e+03, 2.32320630e+03, 1.89607678e+03,
       2.43975879e+03, 1.89742944e+03, 2.55698779e+03, 1.89872046e+03,
       2.67385620e+03, 1.90051453e+03, 2.79039990e+03, 1.90199756e+03,
       2.90636426e+03, 1.90366870e+03, 2.20517163e+03, 2.01192883e+03,
       2.32234790e+03, 2.01326733e+03, 2.43944727e+03, 2.01480579e+03,
       2.55602026e+03, 2.01586353e+03, 2.67284448e+03, 2.01724536e+03,
       2.78993433e+03, 2.01878113e+03, 2.90698584e+03, 2.02035107e+03,
       2.20424829e+03, 2.12997119e+03, 2.32155737e+03, 2.13111475e+03,
       2.43834253e+03, 2.13202710e+03, 2.55583203e+03, 2.13348096e+03,
       2.67340479e+03, 2.13524023e+03, 2.79089233e+03, 2.13674243e+03,
       2.90731689e+03, 2.13809619e+03 ]
   - [ 2.41145313e+03, 1.66419019e+03, 2.52799463e+03, 1.66544885e+03,
       2.64433472e+03, 1.66720142e+03, 2.76065967e+03, 1.66860754e+03,
       2.87720752e+03, 1.67033728e+03, 2.99386914e+03, 1.67176379e+03,
       3.11030908e+03, 1.67354150e+03, 2.41034692e+03, 1.78076331e+03,
       2.52710376e+03, 1.78231543e+03, 2.64386377e+03, 1.78386682e+03,
       2.76037158e+03, 1.78542786e+03, 2.87765259e+03, 1.78692664e+03,
       2.99440259e+03, 1.78855469e+03, 3.11076050e+03, 1.79028894e+03,
       2.40966846e+03, 1.89773975e+03, 2.52663403e+03, 1.89938416e+03,
       2.64346680e+03, 1.90072998e+03, 2.76096484e+03, 1.90235876e+03,
       2.87812598e+03, 1.90404480e+03, 2.99504004e+03, 1.90570618e+03,
       3.11113110e+03, 1.90733398e+03, 2.40865991e+03, 2.01494958e+03,
       2.52629321e+03, 2.01654578e+03, 2.64355762e+03, 2.01808447e+03,
       2.76006934e+03, 2.01943933e+03, 2.87721484e+03, 2.02086731e+03,
       2.99474121e+03, 2.02255957e+03, 3.11196387e+03, 2.02441907e+03,
       2.40826270e+03, 2.13300732e+03, 2.52579297e+03, 2.13436938e+03,
       2.64249805e+03, 2.13565820e+03, 2.76015820e+03, 2.13728955e+03,
       2.87831348e+03, 2.13888965e+03, 2.99616870e+03, 2.14082202e+03,
       3.11290210e+03, 2.14246143e+03 ]
