%YAML:1.0
---
object_points:
   - [ 0., 0., 0., 1.99999996e-02, 0., 0., 3.99999991e-02, 0., 0.,
       5.99999987e-02, 0., 0., 7.99999982e-02, 0., 0., 9.99999940e-02,
       0., 0., 1.19999997e-01, 0., 0., 1.40000001e-01, 0., 0., 0.,
       1.99999996e-02, 0., 1.99999996e-02, 1.99999996e-02, 0.,
       3.99999991e-02, 1.99999996e-02, 0., 5.99999987e-02,
       1.99999996e-02, 0., 7.99999982e-02, 1.99999996e-02, 0.,
       9.99999940e-02, 1.99999996e-02, 0., 1.19999997e-01,
       1.99999996e-02, 0., 1.40000001e-01, 1.99999996e-02, 0., 0.,
       3.99999991e-02, 0., 1.99999996e-02, 3.99999991e-02, 0.,
       3.99999991e-02, 3.99999991e-02, 0., 5.99999987e-02,
       3.99999991e-02, 0., 7.99999982e-02, 3.99999991e-02, 0.,
       9.99999940e-02, 3.99999991e-02, 0., 1.19999997e-01,
       3.99999991e-02, 0., 1.40000001e-01, 3.99999991e-02, 0., 0.,
       5.99999987e-02, 0., 1.99999996e-02, 5.99999987e-02, 0.,
       3.99999991e-02, 5.99999987e-02, 0., 5.99999987e-02,
       5.99999987e-02, 0., 7.99999982e-02, 5.99999987e-02, 0.,
       9.99999940e-02, 5.99999987e-02, 0., 1.19999997e-01,
       5.99999987e-02, 0., 1.40000001e-01, 5.99999987e-02, 0., 0.,
       7.99999982e-02, 0., 1.99999996e-02, 7.99999982e-02, 0.,
       3.99999991e-02, 7.99999982e-02, 0., 5.99999987e-02,
       7.99999982e-02, 0., 7.99999982e-02, 7.99999982e-02, 0.,
       9.99999940e-02, 7.99999982e-02, 0., 1.19999997e-01,
       7.99999982e-02, 0., 1.40000001e-01, 7.99999982e-02, 0., 0.,
       9.99999940e-02, 0., 1.99999996e-02, 9.99999940e-02, 0.,
       3.99999991e-02, 9.99999940e-02, 0., 5.99999987e-02,
       9.99999940e-02, 0., 7.99999982e-02, 9.99999940e-02, 0.,
       9.99999940e-02, 9.99999940e-02, 0., 1.19999997e-01,
       9.99999940e-02, 0., 1.40000001e-01, 9.99999940e-02, 0. ]
   - [ 0., 0., 0., 1.99999996e-02, 0., 0., 3.99999991e-02, 0., 0.,
       5.99999987e-02, 0., 0., 7.99999982e-02, 0., 0., 9.99999940e-02,
       0., 0., 1.19999997e-01, 0., 0., 1.40000001e-01, 0., 0., 0.,
       1.99999996e-02, 0., 1.99999996e-02, 1.99999996e-02, 0.,
       3.99999991e-02, 1.99999996e-02, 0., 5.99999987e-02,
       1.99999996e-02, 0., 7.99999982e-02, 1.99999996e-02, 0.,
       9.99999940e-02, 1.99999996e-02, 0., 1.19999997e-01,
       1.99999996e-02, 0., 1.40000001e-01, 1.99999996e-02, 0., 0.,
       3.99999991e-02, 0., 1.99999996e-02, 3.99999991e-02, 0.,
       3.99999991e-02, 3.99999991e-02, 0., 5.99999987e-02,
       3.99999991e-02, 0., 7.99999982e-02, 3.99999991e-02, 0.,
       9.99999940e-02, 3.99999991e-02, 0., 1.19999997e-01,
       3.99999991e-02, 0., 1.40000001e-01, 3.99999991e-02, 0., 0.,
       5.99999987e-02, 0., 1.99999996e-02, 5.99999987e-02, 0.,
       3.99999991e-02, 5.99999987e-02, 0., 5.99999987e-02,
       5.99999987e-02, 0., 7.99999982e-02, 5.99999987e-02, 0.,
       9.99999940e-02, 5.99999987e-02, 0., 1.19999997e-01,
       5.99999987e-02, 0., 1.40000001e-01, 5.99999987e-02, 0., 0.,
       7.99999982e-02, 0., 1.99999996e-02, 7.99999982e-02, 0.,
       3.99999991e-02, 7.99999982e-02, 0., 5.99999987e-02,
       7.99999982e-02, 0., 7.99999982e-02, 7.99999982e-02, 0.,
       9.99999940e-02, 7.99999982e-02, 0., 1.19999997e-01,
       7.99999982e-02, 0., 1.40000001e-01, 7.99999982e-02, 0., 0.,
       9.99999940e-02, 0., 1.99999996e-02, 9.99999940e-02, 0.,
       3.99999991e-02, 9.99999940e-02, 0., 5.99999987e-02,
       9.99999940e-02, 0., 7.99999982e-02, 9.99999940e-02, 0.,
       9.99999940e-02, 9.99999940e-02, 0., 1.19999997e-01,
       9.99999940e-02, 0., 1.40000001e-01, 9.99999940e-02, 0. ]
   - [ 0., 0., 0., 1.99999996e-02, 0., 0., 3.99999991e-02, 0., 0.,
       5.99999987e-02, 0., 0., 7.99999982e-02, 0., 0., 9.99999940e-02,
       0., 0., 1.19999997e-01, 0., 0., 1.40000001e-01, 0., 0., 0.,
       1.99999996e-02, 0., 1.99999996e-02, 1.99999996e-02, 0.,
       3.99999991e-02, 1.99999996e-02, 0., 5.99999987e-02,
       1.99999996e-02, 0., 7.99999982e-02, 1.99999996e-02, 0.,
       9.99999940e-02, 1.99999996e-02, 0., 1.19999997e-01,
       1.99999996e-02, 0., 1.40000001e-01, 1.99999996e-02, 0., 0.,
       3.99999991e-02, 0., 1.99999996e-02, 3.99999991e-02, 0.,
       3.99999991e-02, 3.99999991e-02, 0., 5.99999987e-02,
       3.99999991e-02, 0., 7.99999982e-02, 3.99999991e-02, 0.,
       9.99999940e-02, 3.99999991e-02, 0., 1.19999997e-01,
       3.99999991e-02, 0., 1.40000001e-01, 3.99999991e-02, 0., 0.,
       5.99999987e-02, 0., 1.99999996e-02, 5.99999987e-02, 0.,
       3.99999991e-02, 5.99999987e-02, 0., 5.99999987e-02,
       5.99999987e-02, 0., 7.99999982e-02, 5.99999987e-02, 0.,
       9.99999940e-02, 5.99999987e-02, 0., 1.19999997e-01,
       5.99999987e-02, 0., 1.40000001e-01, 5.99999987e-02, 0., 0.,
       7.99999982e-02, 0., 1.99999996e-02, 7.99999982e-02, 0.,
       3.99999991e-02, 7.99999982e-02, 0., 5.99999987e-02,
       7.99999982e-02, 0., 7.99999982e-02, 7.99999982e-02, 0.,
       9.99999940e-02, 7.99999982e-02, 0., 1.19999997e-01,
       7.99999982e-02, 0., 1.40000001e-01, 7.99999982e-02, 0., 0.,
       9.99999940e-02, 0., 1.99999996e-02, 9.99999940e-02, 0.,
       3.99999991e-02, 9.99999940e-02, 0., 5.99999987e-02,
       9.99999940e-02, 0., 7.99999982e-02, 9.99999940e-02, 0.,
       9.99999940e-02, 9.99999940e-02, 0., 1.19999997e-01,
       9.99999940e-02, 0., 1.40000001e-01, 9.99999940e-02, 0. ]
   - [ 0., 0., 0., 1.99999996e-02, 0., 0., 3.99999991e-02, 0., 0.,
       5.99999987e-02, 0., 0., 7.99999982e-02, 0., 0., 9.99999940e-02,
       0., 0., 1.19999997e-01, 0., 0., 1.40000001e-01, 0., 0., 0.,
       1.99999996e-02, 0., 1.99999996e-02, 1.99999996e-02, 0.,
       3.99999991e-02, 1.99999996e-02, 0., 5.99999987e-02,
       1.99999996e-02, 0., 7.99999982e-02, 1.99999996e-02, 0.,
       9.99999940e-02, 1.99999996e-02, 0., 1.19999997e-01,
       1.99999996e-02, 0., 1.40000001e-01, 1.99999996e-02, 0., 0.,
       3.99999991e-02, 0., 1.99999996e-02, 3.99999991e-02, 0.,
       3.99999991e-02, 3.99999991e-02, 0., 5.99999987e-02,
       3.99999991e-02, 0., 7.99999982e-02, 3.99999991e-02, 0.,
       9.99999940e-02, 3.99999991e-02, 0., 1.19999997e-01,
       3.99999991e-02, 0., 1.40000001e-01, 3.99999991e-02, 0., 0.,
       5.99999987e-02, 0., 1.99999996e-02, 5.99999987e-02, 0.,
       3.99999991e-02, 5.99999987e-02, 0., 5.99999987e-02,
       5.99999987e-02, 0., 7.99999982e-02, 5.99999987e-02, 0.,
       9.99999940e-02, 5.99999987e-02, 0., 1.19999997e-01,
       5.99999987e-02, 0., 1.40000001e-01, 5.99999987e-02, 0., 0.,
       7.99999982e-02, 0., 1.99999996e-02, 7.99999982e-02, 0.,
       3.99999991e-02, 7.99999982e-02, 0., 5.99999987e-02,
       7.99999982e-02, 0., 7.99999982e-02, 7.99999982e-02, 0.,
       9.99999940e-02, 7.99999982e-02, 0., 1.19999997e-01,
       7.99999982e-02, 0., 1.40000001e-01, 7.99999982e-02, 0., 0.,
       9.99999940e-02, 0., 1.99999996e-02, 9.99999940e-02, 0.,
       3.99999991e-02, 9.99999940e-02, 0., 5.99999987e-02,
       9.99999940e-02, 0., 7.99999982e-02, 9.99999940e-02, 0.,
       9.99999940e-02, 9.99999940e-02, 0., 1.19999997e-01,
       9.99999940e-02, 0., 1.40000001e-01, 9.99999940e-02, 0. ]
   - [ 0., 0., 0., 1.99999996e-02, 0., 0., 3.99999991e-02, 0., 0.,
       5.99999987e-02, 0., 0., 7.99999982e-02, 0., 0., 9.99999940e-02,
       0., 0., 1.19999997e-01, 0., 0., 1.40000001e-01, 0., 0., 0.,
       1.99999996e-02, 0., 1.99999996e-02, 1.99999996e-02, 0.,
       3.99999991e-02, 1.99999996e-02, 0., 5.99999987e-02,
       1.99999996e-02, 0., 7.99999982e-02, 1.99999996e-02, 0.,
       9.99999940e-02, 1.99999996e-02, 0., 1.19999997e-01,
       1.99999996e-02, 0., 1.40000001e-01, 1.99999996e-02, 0., 0.,
       3.99999991e-02, 0., 1.99999996e-02, 3.99999991e-02, 0.,
       3.99999991e-02, 3.99999991e-02, 0., 5.99999987e-02,
       3.99999991e-02, 0., 7.99999982e-02, 3.99999991e-02, 0.,
       9.99999940e-02, 3.99999991e-02, 0., 1.19999997e-01,
       3.99999991e-02, 0., 1.40000001e-01, 3.99999991e-02, 0., 0.,
       5.99999987e-02, 0., 1.99999996e-02, 5.99999987e-02, 0.,
       3.99999991e-02, 5.99999987e-02, 0., 5.99999987e-02,
       5.99999987e-02, 0., 7.99999982e-02, 5.99999987e-02, 0.,
       9.99999940e-02, 5.99999987e-02, 0., 1.19999997e-01,
       5.99999987e-02, 0., 1.40000001e-01, 5.99999987e-02, 0., 0.,
       7.99999982e-02, 0., 1.99999996e-02, 7.99999982e-02, 0.,
       3.99999991e-02, 7.99999982e-02, 0., 5.99999987e-02,
       7.99999982e-02, 0., 7.99999982e-02, 7.99999982e-02, 0.,
       9.99999940e-02, 7.99999982e-02, 0., 1.19999997e-01,
       7.99999982e-02, 0., 1.40000001e-01, 7.99999982e-02, 0., 0.,
       9.99999940e-02, 0., 1.99999996e-02, 9.99999940e-02, 0.,
       3.99999991e-02, 9.99999940e-02, 0., 5.99999987e-02,
       9.99999940e-02, 0., 7.99999982e-02, 9.99999940e-02, 0.,
       9.99999940e-02, 9.99999940e-02, 0., 1.19999997e-01,
       9.99999940e-02, 0., 1.40000001e-01, 9.99999940e-02, 0. ]
   - [ 0., 0., 0., 1.99999996e-02, 0., 0., 3.99999991e-02, 0., 0.,
       5.99999987e-02, 0., 0., 7.99999982e-02, 0., 0., 9.99999940e-02,
       0., 0., 1.19999997e-01, 0., 0., 1.40000001e-01, 0., 0., 0.,
       1.99999996e-02, 0., 1.99999996e-02, 1.99999996e-02, 0.,
       3.99999991e-02, 1.99999996e-02, 0., 5.99999987e-02,
       1.99999996e-02, 0., 7.99999982e-02, 1.99999996e-02, 0.,
       9.99999940e-02, 1.99999996e-02, 0., 1.19999997e-01,
       1.99999996e-02, 0., 1.40000001e-01, 1.99999996e-02, 0., 0.,
       3.99999991e-02, 0., 1.99999996e-02, 3.99999991e-02, 0.,
       3.99999991e-02, 3.99999991e-02, 0., 5.99999987e-02,
       3.99999991e-02, 0., 7.99999982e-02, 3.99999991e-02, 0.,
       9.99999940e-02, 3.99999991e-02, 0., 1.19999997e-01,
       3.99999991e-02, 0., 1.40000001e-01, 3.99999991e-02, 0., 0.,
       5.99999987e-02, 0., 1.99999996e-02, 5.99999987e-02, 0.,
       3.99999991e-02, 5.99999987e-02, 0., 5.99999987e-02,
       5.99999987e-02, 0., 7.99999982e-02, 5.99999987e-02, 0.,
       9.99999940e-02, 5.99999987e-02, 0., 1.19999997e-01,
       5.99999987e-02, 0., 1.40000001e-01, 5.99999987e-02, 0., 0.,
       7.99999982e-02, 0., 1.99999996e-02, 7.99999982e-02, 0.,
       3.99999991e-02, 7.99999982e-02, 0., 5.99999987e-02,
       7.99999982e-02, 0., 7.99999982e-02, 7.99999982e-02, 0.,
       9.99999940e-02, 7.99999982e-02, 0., 1.19999997e-01,
       7.99999982e-02, 0., 1.40000001e-01, 7.99999982e-02, 0., 0.,
       9.99999940e-02, 0., 1.99999996e-02, 9.99999940e-02, 0.,
       3.99999991e-02, 9.99999940e-02, 0., 5.99999987e-02,
       9.99999940e-02, 0., 7.99999982e-02, 9.99999940e-02, 0.,
       9.99999940e-02, 9.99999940e-02, 0., 1.19999997e-01,
       9.99999940e-02, 0., 1.40000001e-01, 9.99999940e-02, 0. ]
   - [ 0., 0., 0., 1.99999996e-02, 0., 0., 3.99999991e-02, 0., 0.,
       5.99999987e-02, 0., 0., 7.99999982e-02, 0., 0., 9.99999940e-02,
       0., 0., 1.19999997e-01, 0., 0., 1.40000001e-01, 0., 0., 0.,
       1.99999996e-02, 0., 1.99999996e-02, 1.99999996e-02, 0.,
       3.99999991e-02, 1.99999996e-02, 0., 5.99999987e-02,
       1.99999996e-02, 0., 7.99999982e-02, 1.99999996e-02, 0.,
       9.99999940e-02, 1.99999996e-02, 0., 1.19999997e-01,
       1.99999996e-02, 0., 1.40000001e-01, 1.99999996e-02, 0., 0.,
       3.99999991e-02, 0., 1.99999996e-02, 3.99999991e-02, 0.,
       3.99999991e-02, 3.99999991e-02, 0., 5.99999987e-02,
       3.99999991e-02, 0., 7.99999982e-02, 3.99999991e-02, 0.,
       9.99999940e-02, 3.99999991e-02, 0., 1.19999997e-01,
       3.99999991e-02, 0., 1.40000001e-01, 3.99999991e-02, 0., 0.,
       5.99999987e-02, 0., 1.99999996e-02, 5.99999987e-02, 0.,
       3.99999991e-02, 5.99999987e-02, 0., 5.99999987e-02,
       5.99999987e-02, 0., 7.99999982e-02, 5.99999987e-02, 0.,
       9.99999940e-02, 5.99999987e-02, 0., 1.19999997e-01,
       5.99999987e-02, 0., 1.40000001e-01, 5.99999987e-02, 0., 0.,
       7.99999982e-02, 0., 1.99999996e-02, 7.99999982e-02, 0.,
       3.99999991e-02, 7.99999982e-02, 0., 5.99999987e-02,
       7.99999982e-02, 0., 7.99999982e-02, 7.99999982e-02, 0.,
       9.99999940e-02, 7.99999982e-02, 0., 1.19999997e-01,
       7.99999982e-02, 0., 1.40000001e-01, 7.99999982e-02, 0., 0.,
       9.99999940e-02, 0., 1.99999996e-02, 9.99999940e-02, 0.,
       3.99999991e-02, 9.99999940e-02, 0., 5.99999987e-02,
       9.99999940e-02, 0., 7.99999982e-02, 9.99999940e-02, 0.,
       9.99999940e-02, 9.99999940e-02, 0., 1.19999997e-01,
       9.99999940e-02, 0., 1.40000001e-01, 9.99999940e-02, 0. ]
   - [ 0., 0., 0., 1.99999996e-02, 0., 0., 3.99999991e-02, 0., 0.,
       5.99999987e-02, 0., 0., 7.99999982e-02, 0., 0., 9.99999940e-02,
       0., 0., 1.19999997e-01, 0., 0., 1.40000001e-01, 0., 0., 0.,
       1.99999996e-02, 0., 1.99999996e-02, 1.99999996e-02, 0.,
       3.99999991e-02, 1.99999996e-02, 0., 5.99999987e-02,
       1.99999996e-02, 0., 7.99999982e-02, 1.99999996e-02, 0.,
       9.99999940e-02, 1.99999996e-02, 0., 1.19999997e-01,
       1.99999996e-02, 0., 1.40000001e-01, 1.99999996e-02, 0., 0.,
       3.99999991e-02, 0., 1.99999996e-02, 3.99999991e-02, 0.,
       3.99999991e-02, 3.99999991e-02, 0., 5.99999987e-02,
       3.99999991e-02, 0., 7.99999982e-02, 3.99999991e-02, 0.,
       9.99999940e-02, 3.99999991e-02, 0., 1.19999997e-01,
       3.99999991e-02, 0., 1.40000001e-01, 3.99999991e-02, 0., 0.,
       5.99999987e-02, 0., 1.99999996e-02, 5.99999987e-02, 0.,
       3.99999991e-02, 5.99999987e-02, 0., 5.99999987e-02,
       5.99999987e-02, 0., 7.99999982e-02, 5.99999987e-02, 0.,
       9.99999940e-02, 5.99999987e-02, 0., 1.19999997e-01,
       5.99999987e-02, 0., 1.40000001e-01, 5.99999987e-02, 0., 0.,
       7.99999982e-02, 0., 1.99999996e-02, 7.99999982e-02, 0.,
       3.99999991e-02, 7.99999982e-02, 0., 5.99999987e-02,
       7.99999982e-02, 0., 7.99999982e-02, 7.99999982e-02, 0.,
       9.99999940e-02, 7.99999982e-02, 0., 1.19999997e-01,
       7.99999982e-02, 0., 1.40000001e-01, 7.99999982e-02, 0., 0.,
       9.99999940e-02, 0., 1.99999996e-02, 9.99999940e-02, 0.,
       3.99999991e-02, 9.99999940e-02, 0., 5.99999987e-02,
       9.99999940e-02, 0., 7.99999982e-02, 9.99999940e-02, 0.,
       9.99999940e-02, 9.99999940e-02, 0., 1.19999997e-01,
       9.99999940e-02, 0., 1.40000001e-01, 9.99999940e-02, 0. ]
   - [ 0., 0., 0., 1.99999996e-02, 0., 0., 3.99999991e-02, 0., 0.,
       5.99999987e-02, 0., 0., 7.99999982e-02, 0., 0., 9.99999940e-02,
       0., 0., 1.19999997e-01, 0., 0., 1.40000001e-01, 0., 0., 0.,
       1.99999996e-02, 0., 1.99999996e-02, 1.99999996e-02, 0.,
       3.99999991e-02, 1.99999996e-02, 0., 5.99999987e-02,
       1.99999996e-02, 0., 7.99999982e-02, 1.99999996e-02, 0.,
       9.99999940e-02, 1.99999996e-02, 0., 1.19999997e-01,
       1.99999996e-02, 0., 1.40000001e-01, 1.99999996e-02, 0., 0.,
       3.99999991e-02, 0., 1.99999996e-02, 3.99999991e-02, 0.,
       3.99999991e-02, 3.99999991e-02, 0., 5.99999987e-02,
       3.99999991e-02, 0., 7.99999982e-02, 3.99999991e-02, 0.,
       9.99999940e-02, 3.99999991e-02, 0., 1.19999997e-01,
       3.99999991e-02, 0., 1.40000001e-01, 3.99999991e-02, 0., 0.,
       5.99999987e-02, 0., 1.99999996e-02, 5.99999987e-02, 0.,
       3.99999991e-02, 5.99999987e-02, 0., 5.99999987e-02,
       5.99999987e-02, 0., 7.99999982e-02, 5.99999987e-02, 0.,
       9.99999940e-02, 5.99999987e-02, 0., 1.19999997e-01,
       5.99999987e-02, 0., 1.40000001e-01, 5.99999987e-02, 0., 0.,
       7.99999982e-02, 0., 1.99999996e-02, 7.99999982e-02, 0.,
       3.99999991e-02, 7.99999982e-02, 0., 5.99999987e-02,
       7.99999982e-02, 0., 7.99999982e-02, 7.99999982e-02, 0.,
       9.99999940e-02, 7.99999982e-02, 0., 1.19999997e-01,
       7.99999982e-02, 0., 1.40000001e-01, 7.99999982e-02, 0., 0.,
       9.99999940e-02, 0., 1.99999996e-02, 9.99999940e-02, 0.,
       3.99999991e-02, 9.99999940e-02, 0., 5.99999987e-02,
       9.99999940e-02, 0., 7.99999982e-02, 9.99999940e-02, 0.,
       9.99999940e-02, 9.99999940e-02, 0., 1.19999997e-01,
       9.99999940e-02, 0., 1.40000001e-01, 9.99999940e-02, 0. ]
   - [ 0., 0., 0., 1.99999996e-02, 0., 0., 3.99999991e-02, 0., 0.,
       5.99999987e-02, 0., 0., 7.99999982e-02, 0., 0., 9.99999940e-02,
       0., 0., 1.19999997e-01, 0., 0., 1.40000001e-01, 0., 0., 0.,
       1.99999996e-02, 0., 1.99999996e-02, 1.99999996e-02, 0.,
       3.99999991e-02, 1.99999996e-02, 0., 5.99999987e-02,
       1.99999996e-02, 0., 7.99999982e-02, 1.99999996e-02, 0.,
       9.99999940e-02, 1.99999996e-02, 0., 1.19999997e-01,
       1.99999996e-02, 0., 1.40000001e-01, 1.99999996e-02, 0., 0.,
       3.99999991e-02, 0., 1.99999996e-02, 3.99999991e-02, 0.,
       3.99999991e-02, 3.99999991e-02, 0., 5.99999987e-02,
       3.99999991e-02, 0., 7.99999982e-02, 3.99999991e-02, 0.,
       9.99999940e-02, 3.99999991e-02, 0., 1.19999997e-01,
       3.99999991e-02, 0., 1.40000001e-01, 3.99999991e-02, 0., 0.,
       5.99999987e-02, 0., 1.99999996e-02, 5.99999987e-02, 0.,
       3.99999991e-02, 5.99999987e-02, 0., 5.99999987e-02,
       5.99999987e-02, 0., 7.99999982e-02, 5.99999987e-02, 0.,
       9.99999940e-02, 5.99999987e-02, 0., 1.19999997e-01,
       5.99999987e-02, 0., 1.40000001e-01, 5.99999987e-02, 0., 0.,
       7.99999982e-02, 0., 1.99999996e-02, 7.99999982e-02, 0.,
       3.99999991e-02, 7.99999982e-02, 0., 5.99999987e-02,
       7.99999982e-02, 0., 7.99999982e-02, 7.99999982e-02, 0.,
       9.99999940e-02, 7.99999982e-02, 0., 1.19999997e-01,
       7.99999982e-02, 0., 1.40000001e-01, 7.99999982e-02, 0., 0.,
       9.99999940e-02, 0., 1.99999996e-02, 9.99999940e-02, 0.,
       3.99999991e-02, 9.99999940e-02, 0., 5.99999987e-02,
       9.99999940e-02, 0., 7.99999982e-02, 9.99999940e-02, 0.,
       9.99999940e-02, 9.99999940e-02, 0., 1.19999997e-01,
       9.99999940e-02, 0., 1.40000001e-01, 9.99999940e-02, 0. ]
   - [ 0., 0., 0., 1.99999996e-02, 0., 0., 3.99999991e-02, 0., 0.,
       5.99999987e-02, 0., 0., 7.99999982e-02, 0., 0., 9.99999940e-02,
       0., 0., 1.19999997e-01, 0., 0., 1.40000001e-01, 0., 0., 0.,
       1.99999996e-02, 0., 1.99999996e-02, 1.99999996e-02, 0.,
       3.99999991e-02, 1.99999996e-02, 0., 5.99999987e-02,
       1.99999996e-02, 0., 7.99999982e-02, 1.99999996e-02, 0.,
       9.99999940e-02, 1.99999996e-02, 0., 1.19999997e-01,
       1.99999996e-02, 0., 1.40000001e-01, 1.99999996e-02, 0., 0.,
       3.99999991e-02, 0., 1.99999996e-02, 3.99999991e-02, 0.,
       3.99999991e-02, 3.99999991e-02, 0., 5.99999987e-02,
       3.99999991e-02, 0., 7.99999982e-02, 3.99999991e-02, 0.,
       9.99999940e-02, 3.99999991e-02, 0., 1.19999997e-01,
       3.99999991e-02, 0., 1.40000001e-01, 3.99999991e-02, 0., 0.,
       5.99999987e-02, 0., 1.99999996e-02, 5.99999987e-02, 0.,
       3.99999991e-02, 5.99999987e-02, 0., 5.99999987e-02,
       5.99999987e-02, 0., 7.99999982e-02, 5.99999987e-02, 0.,
       9.99999940e-02, 5.99999987e-02, 0., 1.19999997e-01,
       5.99999987e-02, 0., 1.40000001e-01, 5.99999987e-02, 0., 0.,
       7.99999982e-02, 0., 1.99999996e-02, 7.99999982e-02, 0.,
       3.99999991e-02, 7.99999982e-02, 0., 5.99999987e-02,
       7.99999982e-02, 0., 7.99999982e-02, 7.99999982e-02, 0.,
       9.99999940e-02, 7.99999982e-02, 0., 1.19999997e-01,
       7.99999982e-02, 0., 1.40000001e-01, 7.99999982e-02, 0., 0.,
       9.99999940e-02, 0., 1.99999996e-02, 9.99999940e-02, 0.,
       3.99999991e-02, 9.99999940e-02, 0., 5.99999987e-02,
       9.99999940e-02, 0., 7.99999982e-02, 9.99999940e-02, 0.,
       9.99999940e-02, 9.99999940e-02, 0., 1.19999997e-01,
       9.99999940e-02, 0., 1.40000001e-01, 9.99999940e-02, 0. ]
   - [ 0., 0., 0., 1.99999996e-02, 0., 0., 3.99999991e-02, 0., 0.,
       5.99999987e-02, 0., 0., 7.99999982e-02, 0., 0., 9.99999940e-02,
       0., 0., 1.19999997e-01, 0., 0., 1.40000001e-01, 0., 0., 0.,
       1.99999996e-02, 0., 1.99999996e-02, 1.99999996e-02, 0.,
       3.99999991e-02, 1.99999996e-02, 0., 5.99999987e-02,
       1.99999996e-02, 0., 7.99999982e-02, 1.99999996e-02, 0.,
       9.99999940e-02, 1.99999996e-02, 0., 1.19999997e-01,
       1.99999996e-02, 0., 1.40000001e-01, 1.99999996e-02, 0., 0.,
       3.99999991e-02, 0., 1.99999996e-02, 3.99999991e-02, 0.,
       3.99999991e-02, 3.99999991e-02, 0., 5.99999987e-02,
       3.99999991e-02, 0., 7.99999982e-02, 3.99999991e-02, 0.,
       9.99999940e-02, 3.99999991e-02, 0., 1.19999997e-01,
       3.99999991e-02, 0., 1.40000001e-01, 3.99999991e-02, 0., 0.,
       5.99999987e-02, 0., 1.99999996e-02, 5.99999987e-02, 0.,
       3.99999991e-02, 5.99999987e-02, 0., 5.99999987e-02,
       5.99999987e-02, 0., 7.99999982e-02, 5.99999987e-02, 0.,
       9.99999940e-02, 5.99999987e-02, 0., 1.19999997e-01,
       5.99999987e-02, 0., 1.40000001e-01, 5.99999987e-02, 0., 0.,
       7.99999982e-02, 0., 1.99999996e-02, 7.99999982e-02, 0.,
       3.99999991e-02, 7.99999982e-02, 0., 5.99999987e-02,
       7.99999982e-02, 0., 7.99999982e-02, 7.99999982e-02, 0.,
       9.99999940e-02, 7.99999982e-02, 0., 1.19999997e-01,
       7.99999982e-02, 0., 1.40000001e-01, 7.99999982e-02, 0., 0.,
       9.99999940e-02, 0., 1.99999996e-02, 9.99999940e-02, 0.,
       3.99999991e-02, 9.99999940e-02, 0., 5.99999987e-02,
       9.99999940e-02, 0., 7.99999982e-02, 9.99999940e-02, 0.,
       9.99999940e-02, 9.99999940e-02, 0., 1.19999997e-01,
       9.99999940e-02, 0., 1.40000001e-01, 9.99999940e-02, 0. ]
   - [ 0., 0., 0., 1.99999996e-02, 0., 0., 3.99999991e-02, 0., 0.,
       5.99999987e-02, 0., 0., 7.99999982e-02, 0., 0., 9.99999940e-02,
       0., 0., 1.19999997e-01, 0., 0., 1.40000001e-01, 0., 0., 0.,
       1.99999996e-02, 0., 1.99999996e-02, 1.99999996e-02, 0.,
       3.99999991e-02, 1.99999996e-02, 0., 5.99999987e-02,
       1.99999996e-02, 0., 7.99999982e-02, 1.99999996e-02, 0.,
       9.99999940e-02, 1.99999996e-02, 0., 1.19999997e-01,
       1.99999996e-02, 0., 1.40000001e-01, 1.99999996e-02, 0., 0.,
       3.99999991e-02, 0., 1.99999996e-02, 3.99999991e-02, 0.,
       3.99999991e-02, 3.99999991e-02, 0., 5.99999987e-02,
       3.99999991e-02, 0., 7.99999982e-02, 3.99999991e-02, 0.,
       9.99999940e-02, 3.99999991e-02, 0., 1.19999997e-01,
       3.99999991e-02, 0., 1.40000001e-01, 3.99999991e-02, 0., 0.,
       5.99999987e-02, 0., 1.99999996e-02, 5.99999987e-02, 0.,
       3.99999991e-02, 5.99999987e-02, 0., 5.99999987e-02,
       5.99999987e-02, 0., 7.99999982e-02, 5.99999987e-02, 0.,
       9.99999940e-02, 5.99999987e-02, 0., 1.19999997e-01,
       5.99999987e-02, 0., 1.40000001e-01, 5.99999987e-02, 0., 0.,
       7.99999982e-02, 0., 1.99999996e-02, 7.99999982e-02, 0.,
       3.99999991e-02, 7.99999982e-02, 0., 5.99999987e-02,
       7.99999982e-02, 0., 7.99999982e-02, 7.99999982e-02, 0.,
       9.99999940e-02, 7.99999982e-02, 0., 1.19999997e-01,
       7.99999982e-02, 0., 1.40000001e-01, 7.99999982e-02, 0., 0.,
       9.99999940e-02, 0., 1.99999996e-02, 9.99999940e-02, 0.,
       3.99999991e-02, 9.99999940e-02, 0., 5.99999987e-02,
       9.99999940e-02, 0., 7.99999982e-02, 9.99999940e-02, 0.,
       9.99999940e-02, 9.99999940e-02, 0., 1.19999997e-01,
       9.99999940e-02, 0., 1.40000001e-01, 9.99999940e-02, 0. ]
   - [ 0., 0., 0., 1.99999996e-02, 0., 0., 3.99999991e-02, 0., 0.,
       5.99999987e-02, 0., 0., 7.99999982e-02, 0., 0., 9.99999940e-02,
       0., 0., 1.19999997e-01, 0., 0., 1.40000001e-01, 0., 0., 0.,
       1.99999996e-02, 0., 1.99999996e-02, 1.99999996e-02, 0.,
       3.99999991e-02, 1.99999996e-02, 0., 5.99999987e-02,
       1.99999996e-02, 0., 7.99999982e-02, 1.99999996e-02, 0.,
       9.99999940e-02, 1.99999996e-02, 0., 1.19999997e-01,
       1.99999996e-02, 0., 1.40000001e-01, 1.99999996e-02, 0., 0.,
       3.99999991e-02, 0., 1.99999996e-02, 3.99999991e-02, 0.,
       3.99999991e-02, 3.99999991e-02, 0., 5.99999987e-02,
       3.99999991e-02, 0., 7.99999982e-02, 3.99999991e-02, 0.,
       9.99999940e-02, 3.99999991e-02, 0., 1.19999997e-01,
       3.99999991e-02, 0., 1.40000001e-01, 3.99999991e-02, 0., 0.,
       5.99999987e-02, 0., 1.99999996e-02, 5.99999987e-02, 0.,
       3.99999991e-02, 5.99999987e-02, 0., 5.99999987e-02,
       5.99999987e-02, 0., 7.99999982e-02, 5.99999987e-02, 0.,
       9.99999940e-02, 5.99999987e-02, 0., 1.19999997e-01,
       5.99999987e-02, 0., 1.40000001e-01, 5.99999987e-02, 0., 0.,
       7.99999982e-02, 0., 1.99999996e-02, 7.99999982e-02, 0.,
       3.99999991e-02, 7.99999982e-02, 0., 5.99999987e-02,
       7.99999982e-02, 0., 7.99999982e-02, 7.99999982e-02, 0.,
       9.99999940e-02, 7.99999982e-02, 0., 1.19999997e-01,
       7.99999982e-02, 0., 1.40000001e-01, 7.99999982e-02, 0., 0.,
       9.99999940e-02, 0., 1.99999996e-02, 9.99999940e-02, 0.,
       3.99999991e-02, 9.99999940e-02, 0., 5.99999987e-02,
       9.99999940e-02, 0., 7.99999982e-02, 9.99999940e-02, 0.,
       9.99999940e-02, 9.99999940e-02, 0., 1.19999997e-01,
       9.99999940e-02, 0., 1.40000001e-01, 9.99999940e-02, 0. ]
   - [ 0., 0., 0., 1.99999996e-02, 0., 0., 3.99999991e-02, 0., 0.,
       5.99999987e-02, 0., 0., 7.99999982e-02, 0., 0., 9.99999940e-02,
       0., 0., 1.19999997e-01, 0., 0., 1.40000001e-01, 0., 0., 0.,
       1.99999996e-02, 0., 1.99999996e-02, 1.99999996e-02, 0.,
       3.99999991e-02, 1.99999996e-02, 0., 5.99999987e-02,
       1.99999996e-02, 0., 7.99999982e-02, 1.99999996e-02, 0.,
       9.99999940e-02, 1.99999996e-02, 0., 1.19999997e-01,
       1.99999996e-02, 0., 1.40000001e-01, 1.99999996e-02, 0., 0.,
       3.99999991e-02, 0., 1.99999996e-02, 3.99999991e-02, 0.,
       3.99999991e-02, 3.99999991e-02, 0., 5.99999987e-02,
       3.99999991e-02, 0., 7.99999982e-02, 3.99999991e-02, 0.,
       9.99999940e-02, 3.99999991e-02, 0., 1.19999997e-01,
       3.99999991e-02, 0., 1.40000001e-01, 3.99999991e-02, 0., 0.,
       5.99999987e-02, 0., 1.99999996e-02, 5.99999987e-02, 0.,
       3.99999991e-02, 5.99999987e-02, 0., 5.99999987e-02,
       5.99999987e-02, 0., 7.99999982e-02, 5.99999987e-02, 0.,
       9.99999940e-02, 5.99999987e-02, 0., 1.19999997e-01,
       5.99999987e-02, 0., 1.40000001e-01, 5.99999987e-02, 0., 0.,
       7.99999982e-02, 0., 1.99999996e-02, 7.99999982e-02, 0.,
       3.99999991e-02, 7.99999982e-02, 0., 5.99999987e-02,
       7.99999982e-02, 0., 7.99999982e-02, 7.99999982e-02, 0.,
       9.99999940e-02, 7.99999982e-02, 0., 1.19999997e-01,
       7.99999982e-02, 0., 1.40000001e-01, 7.99999982e-02, 0., 0.,
       9.99999940e-02, 0., 1.99999996e-02, 9.99999940e-02, 0.,
       3.99999991e-02, 9.99999940e-02, 0., 5.99999987e-02,
       9.99999940e-02, 0., 7.99999982e-02, 9.99999940e-02, 0.,
       9.99999940e-02, 9.99999940e-02, 0., 1.19999997e-01,
       9.99999940e-02, 0., 1.40000001e-01, 9.99999940e-02, 0. ]
   - [ 0., 0., 0., 1.99999996e-02, 0., 0., 3.99999991e-02, 0., 0.,
       5.99999987e-02, 0., 0., 7.99999982e-02, 0., 0., 9.99999940e-02,
       0., 0., 1.19999997e-01, 0., 0., 1.40000001e-01, 0., 0., 0.,
       1.99999996e-02, 0., 1.99999996e-02, 1.99999996e-02, 0.,
       3.99999991e-02, 1.99999996e-02, 0., 5.99999987e-02,
       1.99999996e-02, 0., 7.99999982e-02, 1.99999996e-02, 0.,
       9.99999940e-02, 1.99999996e-02, 0., 1.19999997e-01,
       1.99999996e-02, 0., 1.40000001e-01, 1.99999996e-02, 0., 0.,
       3.99999991e-02, 0., 1.99999996e-02, 3.99999991e-02, 0.,
       3.99999991e-02, 3.99999991e-02, 0., 5.99999987e-02,
       3.99999991e-02, 0., 7.99999982e-02, 3.99999991e-02, 0.,
       9.99999940e-02, 3.99999991e-02, 0., 1.19999997e-01,
       3.99999991e-02, 0., 1.40000001e-01, 3.99999991e-02, 0., 0.,
       5.99999987e-02, 0., 1.99999996e-02, 5.99999987e-02, 0.,
       3.99999991e-02, 5.99999987e-02, 0., 5.99999987e-02,
       5.99999987e-02, 0., 7.99999982e-02, 5.99999987e-02, 0.,
       9.99999940e-02, 5.99999987e-02, 0., 1.19999997e-01,
       5.99999987e-02, 0., 1.40000001e-01, 5.99999987e-02, 0., 0.,
       7.99999982e-02, 0., 1.99999996e-02, 7.99999982e-02, 0.,
       3.99999991e-02, 7.99999982e-02, 0., 5.99999987e-02,
       7.99999982e-02, 0., 7.99999982e-02, 7.99999982e-02, 0.,
       9.99999940e-02, 7.99999982e-02, 0., 1.19999997e-01,
       7.99999982e-02, 0., 1.40000001e-01, 7.99999982e-02, 0., 0.,
       9.99999940e-02, 0., 1.99999996e-02, 9.99999940e-02, 0.,
       3.99999991e-02, 9.99999940e-02, 0., 5.99999987e-02,
       9.99999940e-02, 0., 7.99999982e-02, 9.99999940e-02, 0.,
       9.99999940e-02, 9.99999940e-02, 0., 1.19999997e-01,
       9.99999940e-02, 0., 1.40000001e-01, 9.99999940e-02, 0. ]
   - [ 0., 0., 0., 1.99999996e-02, 0., 0., 3.99999991e-02, 0., 0.,
       5.99999987e-02, 0., 0., 7.99999982e-02, 0., 0., 9.99999940e-02,
       0., 0., 1.19999997e-01, 0., 0., 1.40000001e-01, 0., 0., 0.,
       1.99999996e-02, 0., 1.99999996e-02, 1.99999996e-02, 0.,
       3.99999991e-02, 1.99999996e-02, 0., 5.99999987e-02,
       1.99999996e-02, 0., 7.99999982e-02, 1.99999996e-02, 0.,
       9.99999940e-02, 1.99999996e-02, 0., 1.19999997e-01,
       1.99999996e-02, 0., 1.40000001e-01, 1.99999996e-02, 0., 0.,
       3.99999991e-02, 0., 1.99999996e-02, 3.99999991e-02, 0.,
       3.99999991e-02, 3.99999991e-02, 0., 5.99999987e-02,
       3.99999991e-02, 0., 7.99999982e-02, 3.99999991e-02, 0.,
       9.99999940e-02, 3.99999991e-02, 0., 1.19999997e-01,
       3.99999991e-02, 0., 1.40000001e-01, 3.99999991e-02, 0., 0.,
       5.99999987e-02, 0., 1.99999996e-02, 5.99999987e-02, 0.,
       3.99999991e-02, 5.99999987e-02, 0., 5.99999987e-02,
       5.99999987e-02, 0., 7.99999982e-02, 5.99999987e-02, 0.,
       9.99999940e-02, 5.99999987e-02, 0., 1.19999997e-01,
       5.99999987e-02, 0., 1.40000001e-01, 5.99999987e-02, 0., 0.,
       7.99999982e-02, 0., 1.99999996e-02, 7.99999982e-02, 0.,
       3.99999991e-02, 7.99999982e-02, 0., 5.99999987e-02,
       7.99999982e-02, 0., 7.99999982e-02, 7.99999982e-02, 0.,
       9.99999940e-02, 7.99999982e-02, 0., 1.19999997e-01,
       7.99999982e-02, 0., 1.40000001e-01, 7.99999982e-02, 0., 0.,
       9.99999940e-02, 0., 1.99999996e-02, 9.99999940e-02, 0.,
       3.99999991e-02, 9.99999940e-02, 0., 5.99999987e-02,
       9.99999940e-02, 0., 7.99999982e-02, 9.99999940e-02, 0.,
       9.99999940e-02, 9.99999940e-02, 0., 1.19999997e-01,
       9.99999940e-02, 0., 1.40000001e-01, 9.99999940e-02, 0. ]
   - [ 0., 0., 0., 1.99999996e-02, 0., 0., 3.99999991e-02, 0., 0.,
       5.99999987e-02, 0., 0., 7.99999982e-02, 0., 0., 9.99999940e-02,
       0., 0., 1.19999997e-01, 0., 0., 1.40000001e-01, 0., 0., 0.,
       1.99999996e-02, 0., 1.99999996e-02, 1.99999996e-02, 0.,
       3.99999991e-02, 1.99999996e-02, 0., 5.99999987e-02,
       1.99999996e-02, 0., 7.99999982e-02, 1.99999996e-02, 0.,
       9.99999940e-02, 1.99999996e-02, 0., 1.19999997e-01,
       1.99999996e-02, 0., 1.40000001e-01, 1.99999996e-02, 0., 0.,
       3.99999991e-02, 0., 1.99999996e-02, 3.99999991e-02, 0.,
       3.99999991e-02, 3.99999991e-02, 0., 5.99999987e-02,
       3.99999991e-02, 0., 7.99999982e-02, 3.99999991e-02, 0.,
       9.99999940e-02, 3.99999991e-02, 0., 1.19999997e-01,
       3.99999991e-02, 0., 1.40000001e-01, 3.99999991e-02, 0., 0.,
       5.99999987e-02, 0., 1.99999996e-02, 5.99999987e-02, 0.,
       3.99999991e-02, 5.99999987e-02, 0., 5.99999987e-02,
       5.99999987e-02, 0., 7.99999982e-02, 5.99999987e-02, 0.,
       9.99999940e-02, 5.99999987e-02, 0., 1.19999997e-01,
       5.99999987e-02, 0., 1.40000001e-01, 5.99999987e-02, 0., 0.,
       7.99999982e-02, 0., 1.99999996e-02, 7.99999982e-02, 0.,
       3.99999991e-02, 7.99999982e-02, 0., 5.99999987e-02,
       7.99999982e-02, 0., 7.99999982e-02, 7.99999982e-02, 0.,
       9.99999940e-02, 7.99999982e-02, 0., 1.19999997e-01,
       7.99999982e-02, 0., 1.40000001e-01, 7.99999982e-02, 0., 0.,
       9.99999940e-02, 0., 1.99999996e-02, 9.99999940e-02, 0.,
       3.99999991e-02, 9.99999940e-02, 0., 5.99999987e-02,
       9.99999940e-02, 0., 7.99999982e-02, 9.99999940e-02, 0.,
       9.99999940e-02, 9.99999940e-02, 0., 1.19999997e-01,
       9.99999940e-02, 0., 1.40000001e-01, 9.99999940e-02, 0. ]
   - [ 0., 0., 0., 1.99999996e-02, 0., 0., 3.99999991e-02, 0., 0.,
       5.99999987e-02, 0., 0., 7.99999982e-02, 0., 0., 9.99999940e-02,
       0., 0., 1.19999997e-01, 0., 0., 1.40000001e-01, 0., 0., 0.,
       1.99999996e-02, 0., 1.99999996e-02, 1.99999996e-02, 0.,
       3.99999991e-02, 1.99999996e-02, 0., 5.99999987e-02,
       1.99999996e-02, 0., 7.99999982e-02, 1.99999996e-02, 0.,
       9.99999940e-02, 1.99999996e-02, 0., 1.19999997e-01,
       1.99999996e-02, 0., 1.40000001e-01, 1.99999996e-02, 0., 0.,
       3.99999991e-02, 0., 1.99999996e-02, 3.99999991e-02, 0.,
       3.99999991e-02, 3.99999991e-02, 0., 5.99999987e-02,
       3.99999991e-02, 0., 7.99999982e-02, 3.99999991e-02, 0.,
       9.99999940e-02, 3.99999991e-02, 0., 1.19999997e-01,
       3.99999991e-02, 0., 1.40000001e-01, 3.99999991e-02, 0., 0.,
       5.99999987e-02, 0., 1.99999996e-02, 5.99999987e-02, 0.,
       3.99999991e-02, 5.99999987e-02, 0., 5.99999987e-02,
       5.99999987e-02, 0., 7.99999982e-02, 5.99999987e-02, 0.,
       9.99999940e-02, 5.99999987e-02, 0., 1.19999997e-01,
       5.99999987e-02, 0., 1.40000001e-01, 5.99999987e-02, 0., 0.,
       7.99999982e-02, 0., 1.99999996e-02, 7.99999982e-02, 0.,
       3.99999991e-02, 7.99999982e-02, 0., 5.99999987e-02,
       7.99999982e-02, 0., 7.99999982e-02, 7.99999982e-02, 0.,
       9.99999940e-02, 7.99999982e-02, 0., 1.19999997e-01,
       7.99999982e-02, 0., 1.40000001e-01, 7.99999982e-02, 0., 0.,
       9.99999940e-02, 0., 1.99999996e-02, 9.99999940e-02, 0.,
       3.99999991e-02, 9.99999940e-02, 0., 5.99999987e-02,
       9.99999940e-02, 0., 7.99999982e-02, 9.99999940e-02, 0.,
       9.99999940e-02, 9.99999940e-02, 0., 1.19999997e-01,
       9.99999940e-02, 0., 1.40000001e-01, 9.99999940e-02, 0. ]
   - [ 0., 0., 0., 1.99999996e-02, 0., 0., 3.99999991e-02, 0., 0.,
       5.99999987e-02, 0., 0., 7.99999982e-02, 0., 0., 9.99999940e-02,
       0., 0., 1.19999997e-01, 0., 0., 1.40000001e-01, 0., 0., 0.,
       1.99999996e-02, 0., 1.99999996e-02, 1.99999996e-02, 0.,
       3.99999991e-02, 1.99999996e-02, 0., 5.99999987e-02,
       1.99999996e-02, 0., 7.99999982e-02, 1.99999996e-02, 0.,
       9.99999940e-02, 1.99999996e-02, 0., 1.19999997e-01,
       1.99999996e-02, 0., 1.40000001e-01, 1.99999996e-02, 0., 0.,
       3.99999991e-02, 0., 1.99999996e-02, 3.99999991e-02, 0.,
       3.99999991e-02, 3.99999991e-02, 0., 5.99999987e-02,
       3.99999991e-02, 0., 7.99999982e-02, 3.99999991e-02, 0.,
       9.99999940e-02, 3.99999991e-02, 0., 1.19999997e-01,
       3.99999991e-02, 0., 1.40000001e-01, 3.99999991e-02, 0., 0.,
       5.99999987e-02, 0., 1.99999996e-02, 5.99999987e-02, 0.,
       3.99999991e-02, 5.99999987e-02, 0., 5.99999987e-02,
       5.99999987e-02, 0., 7.99999982e-02, 5.99999987e-02, 0.,
       9.99999940e-02, 5.99999987e-02, 0., 1.19999997e-01,
       5.99999987e-02, 0., 1.40000001e-01, 5.99999987e-02, 0., 0.,
       7.99999982e-02, 0., 1.99999996e-02, 7.99999982e-02, 0.,
       3.99999991e-02, 7.99999982e-02, 0., 5.99999987e-02,
       7.99999982e-02, 0., 7.99999982e-02, 7.99999982e-02, 0.,
       9.99999940e-02, 7.99999982e-02, 0., 1.19999997e-01,
       7.99999982e-02, 0., 1.40000001e-01, 7.99999982e-02, 0., 0.,
       9.99999940e-02, 0., 1.99999996e-02, 9.99999940e-02, 0.,
       3.99999991e-02, 9.99999940e-02, 0., 5.99999987e-02,
       9.99999940e-02, 0., 7.99999982e-02, 9.99999940e-02, 0.,
       9.99999940e-02, 9.99999940e-02, 0., 1.19999997e-01,
       9.99999940e-02, 0., 1.40000001e-01, 9.99999940e-02, 0. ]
   - [ 0., 0., 0., 1.99999996e-02, 0., 0., 3.99999991e-02, 0., 0.,
       5.99999987e-02, 0., 0., 7.99999982e-02, 0., 0., 9.99999940e-02,
       0., 0., 1.19999997e-01, 0., 0., 1.40000001e-01, 0., 0., 0.,
       1.99999996e-02, 0., 1.99999996e-02, 1.99999996e-02, 0.,
       3.99999991e-02, 1.99999996e-02, 0., 5.99999987e-02,
       1.99999996e-02, 0., 7.99999982e-02, 1.99999996e-02, 0.,
       9.99999940e-02, 1.99999996e-02, 0., 1.19999997e-01,
       1.99999996e-02, 0., 1.40000001e-01, 1.99999996e-02, 0., 0.,
       3.99999991e-02, 0., 1.99999996e-02, 3.99999991e-02, 0.,
       3.99999991e-02, 3.99999991e-02, 0., 5.99999987e-02,
       3.99999991e-02, 0., 7.99999982e-02, 3.99999991e-02, 0.,
       9.99999940e-02, 3.99999991e-02, 0., 1.19999997e-01,
       3.99999991e-02, 0., 1.40000001e-01, 3.99999991e-02, 0., 0.,
       5.99999987e-02, 0., 1.99999996e-02, 5.99999987e-02, 0.,
       3.99999991e-02, 5.99999987e-02, 0., 5.99999987e-02,
       5.99999987e-02, 0., 7.99999982e-02, 5.99999987e-02, 0.,
       9.99999940e-02, 5.99999987e-02, 0., 1.19999997e-01,
       5.99999987e-02, 0., 1.40000001e-01, 5.99999987e-02, 0., 0.,
       7.99999982e-02, 0., 1.99999996e-02, 7.99999982e-02, 0.,
       3.99999991e-02, 7.99999982e-02, 0., 5.99999987e-02,
       7.99999982e-02, 0., 7.99999982e-02, 7.99999982e-02, 0.,
       9.99999940e-02, 7.99999982e-02, 0., 1.19999997e-01,
       7.99999982e-02, 0., 1.40000001e-01, 7.99999982e-02, 0., 0.,
       9.99999940e-02, 0., 1.99999996e-02, 9.99999940e-02, 0.,
       3.99999991e-02, 9.99999940e-02, 0., 5.99999987e-02,
       9.99999940e-02, 0., 7.99999982e-02, 9.99999940e-02, 0.,
       9.99999940e-02, 9.99999940e-02, 0., 1.19999997e-01,
       9.99999940e-02, 0., 1.40000001e-01, 9.99999940e-02, 0. ]
   - [ 0., 0., 0., 1.99999996e-02, 0., 0., 3.99999991e-02, 0., 0.,
       5.99999987e-02, 0., 0., 7.99999982e-02, 0., 0., 9.99999940e-02,
       0., 0., 1.19999997e-01, 0., 0., 1.40000001e-01, 0., 0., 0.,
       1.99999996e-02, 0., 1.99999996e-02, 1.99999996e-02, 0.,
       3.99999991e-02, 1.99999996e-02, 0., 5.99999987e-02,
       1.99999996e-02, 0., 7.99999982e-02, 1.99999996e-02, 0.,
       9.99999940e-02, 1.99999996e-02, 0., 1.19999997e-01,
       1.99999996e-02, 0., 1.40000001e-01, 1.99999996e-02, 0., 0.,
       3.99999991e-02, 0., 1.99999996e-02, 3.99999991e-02, 0.,
       3.99999991e-02, 3.99999991e-02, 0., 5.99999987e-02,
       3.99999991e-02, 0., 7.99999982e-02, 3.99999991e-02, 0.,
       9.99999940e-02, 3.99999991e-02, 0., 1.19999997e-01,
       3.99999991e-02, 0., 1.40000001e-01, 3.99999991e-02, 0., 0.,
       5.99999987e-02, 0., 1.99999996e-02, 5.99999987e-02, 0.,
       3.99999991e-02, 5.99999987e-02, 0., 5.99999987e-02,
       5.99999987e-02, 0., 7.99999982e-02, 5.99999987e-02, 0.,
       9.99999940e-02, 5.99999987e-02, 0., 1.19999997e-01,
       5.99999987e-02, 0., 1.40000001e-01, 5.99999987e-02, 0., 0.,
       7.99999982e-02, 0., 1.99999996e-02, 7.99999982e-02, 0.,
       3.99999991e-02, 7.99999982e-02, 0., 5.99999987e-02,
       7.99999982e-02, 0., 7.99999982e-02, 7.99999982e-02, 0.,
       9.99999940e-02, 7.99999982e-02, 0., 1.19999997e-01,
       7.99999982e-02, 0., 1.40000001e-01, 7.99999982e-02, 0., 0.,
       9.99999940e-02, 0., 1.99999996e-02, 9.99999940e-02, 0.,
       3.99999991e-02, 9.99999940e-02, 0., 5.99999987e-02,
       9.99999940e-02, 0., 7.99999982e-02, 9.99999940e-02, 0.,
       9.99999940e-02, 9.99999940e-02, 0., 1.19999997e-01,
       9.99999940e-02, 0., 1.40000001e-01, 9.99999940e-02, 0. ]
   - [ 0., 0., 0., 1.99999996e-02, 0., 0., 3.99999991e-02, 0., 0.,
       5.99999987e-02, 0., 0., 7.99999982e-02, 0., 0., 9.99999940e-02,
       0., 0., 1.19999997e-01, 0., 0., 1.40000001e-01, 0., 0., 0.,
       1.99999996e-02, 0., 1.99999996e-02, 1.99999996e-02, 0.,
       3.99999991e-02, 1.99999996e-02, 0., 5.99999987e-02,
       1.99999996e-02, 0., 7.99999982e-02, 1.99999996e-02, 0.,
       9.99999940e-02, 1.99999996e-02, 0., 1.19999997e-01,
       1.99999996e-02, 0., 1.40000001e-01, 1.99999996e-02, 0., 0.,
       3.99999991e-02, 0., 1.99999996e-02, 3.99999991e-02, 0.,
       3.99999991e-02, 3.99999991e-02, 0., 5.99999987e-02,
       3.99999991e-02, 0., 7.99999982e-02, 3.99999991e-02, 0.,
       9.99999940e-02, 3.99999991e-02, 0., 1.19999997e-01,
       3.99999991e-02, 0., 1.40000001e-01, 3.99999991e-02, 0., 0.,
       5.99999987e-02, 0., 1.99999996e-02, 5.99999987e-02, 0.,
       3.99999991e-02, 5.99999987e-02, 0., 5.99999987e-02,
       5.99999987e-02, 0., 7.99999982e-02, 5.99999987e-02, 0.,
       9.99999940e-02, 5.99999987e-02, 0., 1.19999997e-01,
       5.99999987e-02, 0., 1.40000001e-01, 5.99999987e-02, 0., 0.,
       7.99999982e-02, 0., 1.99999996e-02, 7.99999982e-02, 0.,
       3.99999991e-02, 7.99999982e-02, 0., 5.99999987e-02,
       7.99999982e-02, 0., 7.99999982e-02, 7.99999982e-02, 0.,
       9.99999940e-02, 7.99999982e-02, 0., 1.19999997e-01,
       7.99999982e-02, 0., 1.40000001e-01, 7.99999982e-02, 0., 0.,
       9.99999940e-02, 0., 1.99999996e-02, 9.99999940e-02, 0.,
       3.99999991e-02, 9.99999940e-02, 0., 5.99999987e-02,
       9.99999940e-02, 0., 7.99999982e-02, 9.99999940e-02, 0.,
       9.99999940e-02, 9.99999940e-02, 0., 1.19999997e-01,
       9.99999940e-02, 0., 1.40000001e-01, 9.99999940e-02, 0. ]
   - [ 0., 0., 0., 1.99999996e-02, 0., 0., 3.99999991e-02, 0., 0.,
       5.99999987e-02, 0., 0., 7.99999982e-02, 0., 0., 9.99999940e-02,
       0., 0., 1.19999997e-01, 0., 0., 1.40000001e-01, 0., 0., 0.,
       1.99999996e-02, 0., 1.99999996e-02, 1.99999996e-02, 0.,
       3.99999991e-02, 1.99999996e-02, 0., 5.99999987e-02,
       1.99999996e-02, 0., 7.99999982e-02, 1.99999996e-02, 0.,
       9.99999940e-02, 1.99999996e-02, 0., 1.19999997e-01,
       1.99999996e-02, 0., 1.40000001e-01, 1.99999996e-02, 0., 0.,
       3.99999991e-02, 0., 1.99999996e-02, 3.99999991e-02, 0.,
       3.99999991e-02, 3.99999991e-02, 0., 5.99999987e-02,
       3.99999991e-02, 0., 7.99999982e-02, 3.99999991e-02, 0.,
       9.99999940e-02, 3.99999991e-02, 0., 1.19999997e-01,
       3.99999991e-02, 0., 1.40000001e-01, 3.99999991e-02, 0., 0.,
       5.99999987e-02, 0., 1.99999996e-02, 5.99999987e-02, 0.,
       3.99999991e-02, 5.99999987e-02, 0., 5.99999987e-02,
       5.99999987e-02, 0., 7.99999982e-02, 5.99999987e-02, 0.,
       9.99999940e-02, 5.99999987e-02, 0., 1.19999997e-01,
       5.99999987e-02, 0., 1.40000001e-01, 5.99999987e-02, 0., 0.,
       7.99999982e-02, 0., 1.99999996e-02, 7.99999982e-02, 0.,
       3.99999991e-02, 7.99999982e-02, 0., 5.99999987e-02,
       7.99999982e-02, 0., 7.99999982e-02, 7.99999982e-02, 0.,
       9.99999940e-02, 7.99999982e-02, 0., 1.19999997e-01,
       7.99999982e-02, 0., 1.40000001e-01, 7.99999982e-02, 0., 0.,
       9.99999940e-02, 0., 1.99999996e-02, 9.99999940e-02, 0.,
       3.99999991e-02, 9.99999940e-02, 0., 5.99999987e-02,
       9.99999940e-02, 0., 7.99999982e-02, 9.99999940e-02, 0.,
       9.99999940e-02, 9.99999940e-02, 0., 1.19999997e-01,
       9.99999940e-02, 0., 1.40000001e-01, 9.99999940e-02, 0. ]
   - [ 0., 0., 0., 1.99999996e-02, 0., 0., 3.99999991e-02, 0., 0.,
       5.99999987e-02, 0., 0., 7.99999982e-02, 0., 0., 9.99999940e-02,
       0., 0., 1.19999997e-01, 0., 0., 1.40000001e-01, 0., 0., 0.,
       1.99999996e-02, 0., 1.99999996e-02, 1.99999996e-02, 0.,
       3.99999991e-02, 1.99999996e-02, 0., 5.99999987e-02,
       1.99999996e-02, 0., 7.99999982e-02, 1.99999996e-02, 0.,
       9.99999940e-02, 1.99999996e-02, 0., 1.19999997e-01,
       1.99999996e-02, 0., 1.40000001e-01, 1.99999996e-02, 0., 0.,
       3.99999991e-02, 0., 1.99999996e-02, 3.99999991e-02, 0.,
       3.99999991e-02, 3.99999991e-02, 0., 5.99999987e-02,
       3.99999991e-02, 0., 7.99999982e-02, 3.99999991e-02, 0.,
       9.99999940e-02, 3.99999991e-02, 0., 1.19999997e-01,
       3.99999991e-02, 0., 1.40000001e-01, 3.99999991e-02, 0., 0.,
       5.99999987e-02, 0., 1.99999996e-02, 5.99999987e-02, 0.,
       3.99999991e-02, 5.99999987e-02, 0., 5.99999987e-02,
       5.99999987e-02, 0., 7.99999982e-02, 5.99999987e-02, 0.,
       9.99999940e-02, 5.99999987e-02, 0., 1.19999997e-01,
       5.99999987e-02, 0., 1.40000001e-01, 5.99999987e-02, 0., 0.,
       7.99999982e-02, 0., 1.99999996e-02, 7.99999982e-02, 0.,
       3.99999991e-02, 7.99999982e-02, 0., 5.99999987e-02,
       7.99999982e-02, 0., 7.99999982e-02, 7.99999982e-02, 0.,
       9.99999940e-02, 7.99999982e-02, 0., 1.19999997e-01,
       7.99999982e-02, 0., 1.40000001e-01, 7.99999982e-02, 0., 0.,
       9.99999940e-02, 0., 1.99999996e-02, 9.99999940e-02, 0.,
       3.99999991e-02, 9.99999940e-02, 0., 5.99999987e-02,
       9.99999940e-02, 0., 7.99999982e-02, 9.99999940e-02, 0.,
       9.99999940e-02, 9.99999940e-02, 0., 1.19999997e-01,
       9.99999940e-02, 0., 1.40000001e-01, 9.99999940e-02, 0. ]
image_points:
   - [ 6.13575989e+02, 1.33387231e+03, 6.97639099e+02, 1.32881714e+03,
       7.83766418e+02, 1.32391479e+03, 8.72207947e+02, 1.31922046e+03,
       9.62056946e+02, 1.31439746e+03, 1.05369861e+03, 1.31017395e+03,
       1.14746216e+03, 1.30561731e+03, 1.24249219e+03, 1.30147644e+03,
       6.18849304e+02, 1.42738684e+03, 7.02690063e+02, 1.42312366e+03,
       7.88741699e+02, 1.41903833e+03, 8.76999390e+02, 1.41478662e+03,
       9.66575439e+02, 1.41083545e+03, 1.05824011e+03, 1.40687158e+03,
       1.15198132e+03, 1.40322083e+03, 1.24666602e+03, 1.39950720e+03,
       6.24299561e+02, 1.52056738e+03, 7.08587219e+02, 1.51733472e+03,
       7.94465393e+02, 1.51390576e+03, 8.82392578e+02, 1.51055005e+03,
       9.71981995e+02, 1.50718848e+03, 1.06318835e+03, 1.50386633e+03,
       1.15641931e+03, 1.50041345e+03, 1.25093909e+03, 1.49732874e+03,
       6.31527527e+02, 1.61341113e+03, 7.15245544e+02, 1.61063477e+03,
       8.00657593e+02, 1.60800623e+03, 8.88689331e+02, 1.60522571e+03,
       9.77643127e+02, 1.60253967e+03, 1.06891248e+03, 1.59984180e+03,
       1.16178101e+03, 1.59708789e+03, 1.25625720e+03, 1.59431970e+03,
       6.38690918e+02, 1.70543030e+03, 7.22498230e+02, 1.70355945e+03,
       8.07610046e+02, 1.70156885e+03, 8.95111877e+02, 1.69945410e+03,
       9.84415588e+02, 1.69756042e+03, 1.07492249e+03, 1.69543542e+03,
       1.16756726e+03, 1.69290649e+03, 1.26141101e+03, 1.69072803e+03,
       6.46856140e+02, 1.79655237e+03, 7.30417542e+02, 1.79557935e+03,
       8.15068909e+02, 1.79406348e+03, 9.02384766e+02, 1.79262854e+03,
       9.91421692e+02, 1.79149683e+03, 1.08144128e+03, 1.78974072e+03,
       1.17342407e+03, 1.78811890e+03, 1.26703638e+03, 1.78619556e+03 ]
   - [ 8.26506897e+02, 1.32880176e+03, 9.15455994e+02, 1.32436694e+03,
       1.00655408e+03, 1.31949500e+03, 1.09958862e+03, 1.31537024e+03,
       1.19391821e+03, 1.31091492e+03, 1.28963989e+03, 1.30679407e+03,
       1.38678223e+03, 1.30300854e+03, 1.48522949e+03, 1.29947278e+03,
       8.31422791e+02, 1.42448535e+03, 9.20424744e+02, 1.42016028e+03,
       1.01112219e+03, 1.41650342e+03, 1.10412122e+03, 1.41268311e+03,
       1.19822925e+03, 1.40888647e+03, 1.29359729e+03, 1.40527368e+03,
       1.39050305e+03, 1.40183838e+03, 1.48857507e+03, 1.39853052e+03,
       8.37096252e+02, 1.51959668e+03, 9.25836914e+02, 1.51636768e+03,
       1.01648358e+03, 1.51297693e+03, 1.10886499e+03, 1.50984143e+03,
       1.20281836e+03, 1.50658850e+03, 1.29809314e+03, 1.50352136e+03,
       1.39466846e+03, 1.50037256e+03, 1.49249756e+03, 1.49744812e+03,
       8.43283020e+02, 1.61417017e+03, 9.32066101e+02, 1.61145325e+03,
       1.02229034e+03, 1.60868225e+03, 1.11447498e+03, 1.60611499e+03,
       1.20817334e+03, 1.60356775e+03, 1.30286401e+03, 1.60096423e+03,
       1.39893884e+03, 1.59828296e+03, 1.49648865e+03, 1.59559351e+03,
       8.50567505e+02, 1.70827979e+03, 9.38671204e+02, 1.70631689e+03,
       1.02835779e+03, 1.70399146e+03, 1.12057751e+03, 1.70226709e+03,
       1.21354053e+03, 1.70001086e+03, 1.30821362e+03, 1.69760449e+03,
       1.40407080e+03, 1.69536609e+03, 1.50111340e+03, 1.69304077e+03,
       8.57787048e+02, 1.80130078e+03, 9.45538513e+02, 1.79965552e+03,
       1.03536230e+03, 1.79841870e+03, 1.12673462e+03, 1.79678271e+03,
       1.21975378e+03, 1.79507654e+03, 1.31395886e+03, 1.79340771e+03,
       1.40927563e+03, 1.79149365e+03, 1.50581409e+03, 1.78949341e+03 ]
   - [ 1.05328857e+03, 1.32422632e+03, 1.14723914e+03, 1.32023206e+03,
       1.24242249e+03, 1.31594958e+03, 1.33899414e+03, 1.31232947e+03,
       1.43701587e+03, 1.30848535e+03, 1.53584753e+03, 1.30505542e+03,
       1.63556445e+03, 1.30146338e+03, 1.73629163e+03, 1.29857263e+03,
       1.05803589e+03, 1.42154224e+03, 1.15153174e+03, 1.41772363e+03,
       1.24642480e+03, 1.41428760e+03, 1.34322998e+03, 1.41084009e+03,
       1.44081104e+03, 1.40751819e+03, 1.53924158e+03, 1.40449365e+03,
       1.63896313e+03, 1.40137695e+03, 1.73910657e+03, 1.39853357e+03,
       1.06285913e+03, 1.51856360e+03, 1.15653552e+03, 1.51552502e+03,
       1.25096497e+03, 1.51226550e+03, 1.34747742e+03, 1.50946448e+03,
       1.44453894e+03, 1.50641614e+03, 1.54281750e+03, 1.50361047e+03,
       1.64217419e+03, 1.50072974e+03, 1.74199243e+03, 1.49813611e+03,
       1.06863025e+03, 1.61467175e+03, 1.16203748e+03, 1.61203577e+03,
       1.25613147e+03, 1.60977576e+03, 1.35212781e+03, 1.60701013e+03,
       1.44900134e+03, 1.60449304e+03, 1.54659375e+03, 1.60208398e+03,
       1.64575623e+03, 1.59934314e+03, 1.74532581e+03, 1.59683923e+03,
       1.07488562e+03, 1.71026941e+03, 1.16772607e+03, 1.70841150e+03,
       1.26148047e+03, 1.70616943e+03, 1.35702441e+03, 1.70428174e+03,
       1.45363159e+03, 1.70197998e+03, 1.55092346e+03, 1.69958398e+03,
       1.64957642e+03, 1.69719958e+03, 1.74855469e+03, 1.69520679e+03,
       1.08171008e+03, 1.80482996e+03, 1.17430505e+03, 1.80339636e+03,
       1.26731201e+03, 1.80158875e+03, 1.36252124e+03, 1.80002234e+03,
       1.45855383e+03, 1.79826282e+03, 1.55542603e+03, 1.79637634e+03,
       1.65337061e+03, 1.79420349e+03, 1.75213696e+03, 1.79214502e+03 ]
   - [ 1.28916162e+03, 1.32135217e+03, 1.38657776e+03, 1.31764551e+03,
       1.48493286e+03, 1.31422229e+03, 1.58501599e+03, 1.31085364e+03,
       1.68535852e+03, 1.30767664e+03, 1.78591760e+03, 1.30477332e+03,
       1.88750330e+03, 1.30219092e+03, 1.98892029e+03, 1.29969922e+03,
       1.29326318e+03, 1.42031079e+03, 1.39041492e+03, 1.41669812e+03,
       1.48869385e+03, 1.41359546e+03, 1.58821875e+03, 1.41040906e+03,
       1.68826611e+03, 1.40769690e+03, 1.78866089e+03, 1.40502893e+03,
       1.88990356e+03, 1.40238977e+03, 1.99118018e+03, 1.39979065e+03,
       1.29758472e+03, 1.51842896e+03, 1.39480139e+03, 1.51565271e+03,
       1.49244604e+03, 1.51257727e+03, 1.59147302e+03, 1.51006885e+03,
       1.69137305e+03, 1.50737366e+03, 1.79160461e+03, 1.50480237e+03,
       1.89228577e+03, 1.50246252e+03, 1.99294385e+03, 1.50016248e+03,
       1.30254626e+03, 1.61612952e+03, 1.39922876e+03, 1.61347021e+03,
       1.49658972e+03, 1.61126611e+03, 1.59536292e+03, 1.60857190e+03,
       1.69454944e+03, 1.60644470e+03, 1.79437769e+03, 1.60393530e+03,
       1.89472473e+03, 1.60150012e+03, 1.99526843e+03, 1.59902380e+03,
       1.30817651e+03, 1.71295764e+03, 1.40418823e+03, 1.71085168e+03,
       1.50118445e+03, 1.70871021e+03, 1.59950867e+03, 1.70657410e+03,
       1.69843433e+03, 1.70448999e+03, 1.79750427e+03, 1.70234314e+03,
       1.89754480e+03, 1.69992273e+03, 1.99719141e+03, 1.69753003e+03,
       1.31344690e+03, 1.80854773e+03, 1.40944568e+03, 1.80684045e+03,
       1.50593408e+03, 1.80540161e+03, 1.60365381e+03, 1.80325134e+03,
       1.70202905e+03, 1.80129260e+03, 1.80048584e+03, 1.79943909e+03,
       1.90015234e+03, 1.79731372e+03, 1.99950781e+03, 1.79483826e+03 ]
   - [ 1.53699512e+03, 1.32012964e+03, 1.63721021e+03, 1.31723840e+03,
       1.73808313e+03, 1.31428833e+03, 1.83933179e+03, 1.31155701e+03,
       1.94122791e+03, 1.30927637e+03, 2.04253406e+03, 1.30664148e+03,
       2.14426196e+03, 1.30481018e+03, 2.24556567e+03, 1.30315076e+03,
       1.54049182e+03, 1.42011658e+03, 1.64033752e+03, 1.41707788e+03,
       1.74089539e+03, 1.41446631e+03, 1.84204175e+03, 1.41161755e+03,
       1.94334583e+03, 1.40951843e+03, 2.04451343e+03, 1.40735205e+03,
       2.14591577e+03, 1.40517761e+03, 2.24717041e+03, 1.40344165e+03,
       1.54416846e+03, 1.51936096e+03, 1.64377173e+03, 1.51676611e+03,
       1.74375598e+03, 1.51429602e+03, 1.84464868e+03, 1.51171460e+03,
       1.94542151e+03, 1.50940271e+03, 2.04641528e+03, 1.50744800e+03,
       2.14741943e+03, 1.50508691e+03, 2.24821826e+03, 1.50309155e+03,
       1.54812183e+03, 1.61786279e+03, 1.64718506e+03, 1.61569177e+03,
       1.74686633e+03, 1.61341113e+03, 1.84733728e+03, 1.61118884e+03,
       1.94783777e+03, 1.60866614e+03, 2.04813062e+03, 1.60649194e+03,
       2.14885010e+03, 1.60426953e+03, 2.24921509e+03, 1.60207385e+03,
       1.55221155e+03, 1.71576111e+03, 1.65089343e+03, 1.71381409e+03,
       1.75036646e+03, 1.71166406e+03, 1.85018555e+03, 1.70952112e+03,
       1.95025183e+03, 1.70751538e+03, 2.05021924e+03, 1.70522424e+03,
       2.15027539e+03, 1.70263232e+03, 2.24999707e+03, 1.70052319e+03,
       1.55671667e+03, 1.81251135e+03, 1.65515002e+03, 1.81080383e+03,
       1.75363440e+03, 1.80875293e+03, 1.85301404e+03, 1.80684521e+03,
       1.95259827e+03, 1.80473218e+03, 2.05190137e+03, 1.80239404e+03,
       2.15157129e+03, 1.80005774e+03, 2.25069995e+03, 1.79771643e+03 ]
   - [ 6.27507935e+02, 1.10013477e+03, 7.11504700e+02, 1.09337708e+03,
       7.97041870e+02, 1.08655688e+03, 8.84962280e+02, 1.08034534e+03,
       9.74492432e+02, 1.07429395e+03, 1.06557068e+03, 1.06837830e+03,
       1.15856348e+03, 1.06269946e+03, 1.25303284e+03, 1.05762244e+03,
       6.30637390e+02, 1.19278528e+03, 7.14421692e+02, 1.18660022e+03,
       8.00213623e+02, 1.18068799e+03, 8.88156555e+02, 1.17515662e+03,
       9.77379700e+02, 1.16962378e+03, 1.06839539e+03, 1.16448889e+03,
       1.16156299e+03, 1.15929993e+03, 1.25587268e+03, 1.15461084e+03,
       6.34701965e+02, 1.28588647e+03, 7.18318665e+02, 1.28054150e+03,
       8.03897766e+02, 1.27527869e+03, 8.91452881e+02, 1.27039624e+03,
       9.81075806e+02, 1.26529541e+03, 1.07196655e+03, 1.26064868e+03,
       1.16465002e+03, 1.25609387e+03, 1.25886890e+03, 1.25197241e+03,
       6.39364197e+02, 1.37839917e+03, 7.23028687e+02, 1.37386438e+03,
       8.08588318e+02, 1.36941650e+03, 8.95928955e+02, 1.36476172e+03,
       9.85235352e+02, 1.36060010e+03, 1.07604810e+03, 1.35675696e+03,
       1.16858008e+03, 1.35258997e+03, 1.26259778e+03, 1.34867126e+03,
       6.45109192e+02, 1.47082983e+03, 7.28441589e+02, 1.46718176e+03,
       8.13654846e+02, 1.46331873e+03, 9.00769897e+02, 1.45965063e+03,
       9.90056152e+02, 1.45613416e+03, 1.08071228e+03, 1.45259973e+03,
       1.17305981e+03, 1.44907104e+03, 1.26679675e+03, 1.44572168e+03,
       6.51185059e+02, 1.56270435e+03, 7.34464722e+02, 1.55973181e+03,
       8.19400818e+02, 1.55662158e+03, 9.06574829e+02, 1.55357373e+03,
       9.95472168e+02, 1.55063867e+03, 1.08581238e+03, 1.54787671e+03,
       1.17794006e+03, 1.54466028e+03, 1.27141382e+03, 1.54197009e+03 ]
   - [ 8.39278931e+02, 1.09074524e+03, 9.28234253e+02, 1.08443628e+03,
       1.01839539e+03, 1.07844641e+03, 1.11077319e+03, 1.07266687e+03,
       1.20443579e+03, 1.06737927e+03, 1.29928735e+03, 1.06235974e+03,
       1.39622729e+03, 1.05754309e+03, 1.49388342e+03, 1.05311157e+03,
       8.42505554e+02, 1.18545337e+03, 9.31267578e+02, 1.17969385e+03,
       1.02142310e+03, 1.17429224e+03, 1.11378162e+03, 1.16926184e+03,
       1.20727063e+03, 1.16447534e+03, 1.30228955e+03, 1.15967615e+03,
       1.39874023e+03, 1.15540234e+03, 1.49651746e+03, 1.15106677e+03,
       8.46206665e+02, 1.28017102e+03, 9.35124512e+02, 1.27533521e+03,
       1.02486804e+03, 1.27048242e+03, 1.11713403e+03, 1.26594336e+03,
       1.21082935e+03, 1.26158911e+03, 1.30562061e+03, 1.25743396e+03,
       1.40213318e+03, 1.25331519e+03, 1.49917480e+03, 1.24965991e+03,
       8.50731812e+02, 1.37467078e+03, 9.39202820e+02, 1.37043933e+03,
       1.02923242e+03, 1.36648865e+03, 1.12124402e+03, 1.36221851e+03,
       1.21472266e+03, 1.35849719e+03, 1.30927527e+03, 1.35478772e+03,
       1.40540381e+03, 1.35114197e+03, 1.50245959e+03, 1.34773926e+03,
       8.56024292e+02, 1.46904321e+03, 9.44304138e+02, 1.46557239e+03,
       1.03423706e+03, 1.46191833e+03, 1.12590649e+03, 1.45866431e+03,
       1.21918579e+03, 1.45539856e+03, 1.31336548e+03, 1.45215112e+03,
       1.40928748e+03, 1.44866284e+03, 1.50626050e+03, 1.44558154e+03,
       8.62065613e+02, 1.56300061e+03, 9.49868958e+02, 1.55988086e+03,
       1.03961475e+03, 1.55708411e+03, 1.13074426e+03, 1.55417371e+03,
       1.22397998e+03, 1.55144458e+03, 1.31775476e+03, 1.54854248e+03,
       1.41328992e+03, 1.54566333e+03, 1.51016968e+03, 1.54284216e+03 ]
   - [ 1.06456360e+03, 1.08205640e+03, 1.15777588e+03, 1.07658887e+03,
       1.25241211e+03, 1.07142285e+03, 1.34850110e+03, 1.06649475e+03,
       1.44552991e+03, 1.06223926e+03, 1.54375366e+03, 1.05809949e+03,
       1.64277869e+03, 1.05405530e+03, 1.74259058e+03, 1.05067920e+03,
       1.06789758e+03, 1.17878113e+03, 1.16082422e+03, 1.17355908e+03,
       1.25538977e+03, 1.16886023e+03, 1.35142334e+03, 1.16448999e+03,
       1.44833508e+03, 1.16040576e+03, 1.54632275e+03, 1.15645947e+03,
       1.64540759e+03, 1.15265405e+03, 1.74481787e+03, 1.14956335e+03,
       1.07147864e+03, 1.27503748e+03, 1.16445386e+03, 1.27062622e+03,
       1.25847986e+03, 1.26646277e+03, 1.35460437e+03, 1.26253064e+03,
       1.45151599e+03, 1.25872253e+03, 1.54922180e+03, 1.25516370e+03,
       1.64816565e+03, 1.25168164e+03, 1.74755554e+03, 1.24884741e+03,
       1.07545349e+03, 1.37142822e+03, 1.16851892e+03, 1.36746533e+03,
       1.26238013e+03, 1.36371155e+03, 1.35812573e+03, 1.36016260e+03,
       1.45463452e+03, 1.35665698e+03, 1.55224878e+03, 1.35357532e+03,
       1.65092932e+03, 1.35049451e+03, 1.75017346e+03, 1.34750427e+03,
       1.08037524e+03, 1.46737305e+03, 1.17273267e+03, 1.46419189e+03,
       1.26667322e+03, 1.46069336e+03, 1.36222278e+03, 1.45769373e+03,
       1.45846851e+03, 1.45459155e+03, 1.55587061e+03, 1.45175940e+03,
       1.65413049e+03, 1.44889526e+03, 1.75283289e+03, 1.44625769e+03,
       1.08549500e+03, 1.56269067e+03, 1.17793945e+03, 1.55991565e+03,
       1.27141907e+03, 1.55737671e+03, 1.36654028e+03, 1.55452014e+03,
       1.46260242e+03, 1.55173145e+03, 1.55943213e+03, 1.54911670e+03,
       1.65738428e+03, 1.54651343e+03, 1.75580981e+03, 1.54405127e+03 ]
   - [ 1.29879614e+03, 1.07612427e+03, 1.39547827e+03, 1.07151440e+03,
       1.49342358e+03, 1.06715234e+03, 1.59234009e+03, 1.06324963e+03,
       1.69165247e+03, 1.05961401e+03, 1.79171362e+03, 1.05651929e+03,
       1.89245679e+03, 1.05359619e+03, 1.99305615e+03, 1.05131042e+03,
       1.30180786e+03, 1.17369897e+03, 1.39843274e+03, 1.16958191e+03,
       1.49619275e+03, 1.16558875e+03, 1.59478564e+03, 1.16202441e+03,
       1.69418787e+03, 1.15861560e+03, 1.79428223e+03, 1.15541760e+03,
       1.89454407e+03, 1.15269067e+03, 1.99516333e+03, 1.15052258e+03,
       1.30491870e+03, 1.27183203e+03, 1.40141528e+03, 1.26809033e+03,
       1.49868579e+03, 1.26439636e+03, 1.59758862e+03, 1.26086646e+03,
       1.69671655e+03, 1.25788403e+03, 1.79633459e+03, 1.25487195e+03,
       1.89659961e+03, 1.25239233e+03, 1.99697705e+03, 1.25000159e+03,
       1.30854346e+03, 1.36945154e+03, 1.40472534e+03, 1.36589575e+03,
       1.50218713e+03, 1.36262561e+03, 1.60061572e+03, 1.35953186e+03,
       1.69966687e+03, 1.35661438e+03, 1.79868713e+03, 1.35404578e+03,
       1.89908435e+03, 1.35120264e+03, 1.99931470e+03, 1.34897119e+03,
       1.31280200e+03, 1.46671167e+03, 1.40871875e+03, 1.46368176e+03,
       1.50569067e+03, 1.46076062e+03, 1.60387463e+03, 1.45798035e+03,
       1.70270886e+03, 1.45543079e+03, 1.80182800e+03, 1.45279199e+03,
       1.90124353e+03, 1.45034485e+03, 2.00129675e+03, 1.44808057e+03,
       1.31736841e+03, 1.56356140e+03, 1.41305688e+03, 1.56071082e+03,
       1.50967163e+03, 1.55833435e+03, 1.60733752e+03, 1.55564160e+03,
       1.70578320e+03, 1.55320618e+03, 1.80437061e+03, 1.55066040e+03,
       1.90369397e+03, 1.54855420e+03, 2.00320142e+03, 1.54634399e+03 ]
   - [ 1.54437207e+03, 1.07273730e+03, 1.64392969e+03, 1.06891260e+03,
       1.74366919e+03, 1.06566467e+03, 1.84429614e+03, 1.06268091e+03,
       1.94490759e+03, 1.06018115e+03, 2.04582996e+03, 1.05807068e+03,
       2.14660815e+03, 1.05625745e+03, 2.24690869e+03, 1.05509424e+03,
       1.54711707e+03, 1.17159058e+03, 1.64629785e+03, 1.16780432e+03,
       1.74613379e+03, 1.16472913e+03, 1.84652722e+03, 1.16199902e+03,
       1.94713696e+03, 1.15962195e+03, 2.04773669e+03, 1.15743372e+03,
       2.14875366e+03, 1.15541016e+03, 2.24862451e+03, 1.15423303e+03,
       1.54996204e+03, 1.27051379e+03, 1.64891858e+03, 1.26720605e+03,
       1.74858557e+03, 1.26415466e+03, 1.84890295e+03, 1.26154614e+03,
       1.94949500e+03, 1.25922766e+03, 2.04986865e+03, 1.25688953e+03,
       2.15017969e+03, 1.25483130e+03, 2.25036890e+03, 1.25343896e+03,
       1.55291833e+03, 1.36883386e+03, 1.65182690e+03, 1.36611536e+03,
       1.75125403e+03, 1.36351465e+03, 1.85132715e+03, 1.36064185e+03,
       1.95137756e+03, 1.35850781e+03, 2.05140161e+03, 1.35625049e+03,
       2.15171924e+03, 1.35422351e+03, 2.25153369e+03, 1.35240002e+03,
       1.55653918e+03, 1.46745801e+03, 1.65505200e+03, 1.46476685e+03,
       1.75416956e+03, 1.46224731e+03, 1.85387292e+03, 1.45955908e+03,
       1.95363635e+03, 1.45742664e+03, 2.05350635e+03, 1.45520032e+03,
       2.15343945e+03, 1.45299915e+03, 2.25261475e+03, 1.45129517e+03,
       1.56021667e+03, 1.56515466e+03, 1.65838538e+03, 1.56244495e+03,
       1.75695874e+03, 1.56027734e+03, 1.85641821e+03, 1.55794531e+03,
       1.95581763e+03, 1.55563611e+03, 2.05521631e+03, 1.55339185e+03,
       2.15467554e+03, 1.55150793e+03, 2.25388892e+03, 1.54935938e+03 ]
   - [ 6.46899902e+02, 8.69251160e+02, 7.30106934e+02, 8.60645142e+02,
       8.14908508e+02, 8.52694397e+02, 9.02243774e+02, 8.44751831e+02,
       9.90736023e+02, 8.37265259e+02, 1.08115430e+03, 8.30377563e+02,
       1.17319373e+03, 8.23539734e+02, 1.26680322e+03, 8.17450195e+02,
       6.48191040e+02, 9.60460449e+02, 7.31179199e+02, 9.52152710e+02,
       8.16390503e+02, 9.44748901e+02, 9.03501953e+02, 9.37624817e+02,
       9.92479370e+02, 9.30830750e+02, 1.08250793e+03, 9.24338318e+02,
       1.17470349e+03, 9.18285278e+02, 1.26830347e+03, 9.12307190e+02,
       6.49916321e+02, 1.05178259e+03, 7.32952087e+02, 1.04445789e+03,
       8.18209351e+02, 1.03758484e+03, 9.05343811e+02, 1.03100781e+03,
       9.94312683e+02, 1.02487341e+03, 1.08466736e+03, 1.01925842e+03,
       1.17668237e+03, 1.01319458e+03, 1.27024231e+03, 1.00803241e+03,
       6.52543274e+02, 1.14329797e+03, 7.35875671e+02, 1.13681104e+03,
       8.21050537e+02, 1.13071265e+03, 9.08094177e+02, 1.12494592e+03,
       9.96791260e+02, 1.11946924e+03, 1.08717224e+03, 1.11383911e+03,
       1.17920313e+03, 1.10858386e+03, 1.27250793e+03, 1.10361682e+03,
       6.56062378e+02, 1.23511816e+03, 7.39376770e+02, 1.22950562e+03,
       8.24289795e+02, 1.22408435e+03, 9.11274109e+02, 1.21881982e+03,
       1.00007806e+03, 1.21401160e+03, 1.09041016e+03, 1.20894653e+03,
       1.18217542e+03, 1.20420361e+03, 1.27549011e+03, 1.19986475e+03,
       6.60305237e+02, 1.32671118e+03, 7.43317688e+02, 1.32175647e+03,
       8.28682861e+02, 1.31732227e+03, 9.15183960e+02, 1.31258789e+03,
       1.00376666e+03, 1.30849792e+03, 1.09400830e+03, 1.30384766e+03,
       1.18554993e+03, 1.29961511e+03, 1.27894189e+03, 1.29587549e+03 ]
   - [ 8.56929199e+02, 8.55776184e+02, 9.44790100e+02, 8.48120117e+02,
       1.03440247e+03, 8.40657349e+02, 1.12577441e+03, 8.33669800e+02,
       1.21864563e+03, 8.27428345e+02, 1.31262683e+03, 8.21363586e+02,
       1.40820605e+03, 8.15879761e+02, 1.50451758e+03, 8.10724060e+02,
       8.58353394e+02, 9.48510559e+02, 9.46384888e+02, 9.41241760e+02,
       1.03570178e+03, 9.34759033e+02, 1.12733203e+03, 9.28323181e+02,
       1.22039941e+03, 9.22452026e+02, 1.31433752e+03, 9.16741211e+02,
       1.40992822e+03, 9.11449585e+02, 1.50632336e+03, 9.06781433e+02,
       8.60295410e+02, 1.04173962e+03, 9.48395508e+02, 1.03540002e+03,
       1.03827747e+03, 1.02925061e+03, 1.12941187e+03, 1.02347314e+03,
       1.22231580e+03, 1.01801563e+03, 1.31640686e+03, 1.01271808e+03,
       1.41209326e+03, 1.00780377e+03, 1.50845898e+03, 1.00359589e+03,
       8.63036743e+02, 1.13536194e+03, 9.50961548e+02, 1.12942554e+03,
       1.04060706e+03, 1.12387646e+03, 1.13218896e+03, 1.11850781e+03,
       1.22490564e+03, 1.11366321e+03, 1.31873474e+03, 1.10907727e+03,
       1.41441638e+03, 1.10450037e+03, 1.51069556e+03, 1.10037976e+03,
       8.66400696e+02, 1.22885742e+03, 9.54472290e+02, 1.22396411e+03,
       1.04382043e+03, 1.21881946e+03, 1.13520789e+03, 1.21433813e+03,
       1.22804553e+03, 1.20974744e+03, 1.32193896e+03, 1.20542651e+03,
       1.41718018e+03, 1.20120007e+03, 1.51348108e+03, 1.19742944e+03,
       8.70561523e+02, 1.32257019e+03, 9.58227905e+02, 1.31811047e+03,
       1.04765894e+03, 1.31395935e+03, 1.13885229e+03, 1.30950256e+03,
       1.23142468e+03, 1.30544421e+03, 1.32524219e+03, 1.30168665e+03,
       1.42027185e+03, 1.29779688e+03, 1.51651685e+03, 1.29456750e+03 ]
   - [ 1.08020483e+03, 8.43851563e+02, 1.17228113e+03, 8.36896240e+02,
       1.26583337e+03, 8.30803772e+02, 1.36070642e+03, 8.24988586e+02,
       1.45688586e+03, 8.19812866e+02, 1.55402527e+03, 8.15134888e+02,
       1.65196570e+03, 8.10705566e+02, 1.75038171e+03, 8.07119507e+02,
       1.08142896e+03, 9.37782043e+02, 1.17399060e+03, 9.31815918e+02,
       1.26739136e+03, 9.25882263e+02, 1.36264026e+03, 9.20693481e+02,
       1.45868323e+03, 9.15844788e+02, 1.55579224e+03, 9.11374939e+02,
       1.65375452e+03, 9.07378235e+02, 1.75235510e+03, 9.03745239e+02,
       1.08363928e+03, 1.03273706e+03, 1.17624939e+03, 1.02733765e+03,
       1.26947974e+03, 1.02198651e+03, 1.36449719e+03, 1.01722009e+03,
       1.46075806e+03, 1.01262799e+03, 1.55773547e+03, 1.00839532e+03,
       1.65587610e+03, 1.00440527e+03, 1.75441016e+03, 1.00121490e+03,
       1.08626355e+03, 1.12832080e+03, 1.17853748e+03, 1.12297412e+03,
       1.27229102e+03, 1.11836157e+03, 1.36727930e+03, 1.11346606e+03,
       1.46329407e+03, 1.10951587e+03, 1.55998157e+03, 1.10558203e+03,
       1.65780103e+03, 1.10208411e+03, 1.75639844e+03, 1.09866833e+03,
       1.08977832e+03, 1.22365417e+03, 1.18182251e+03, 1.21875989e+03,
       1.27514758e+03, 1.21446167e+03, 1.37031580e+03, 1.21051086e+03,
       1.46610461e+03, 1.20654358e+03, 1.56283081e+03, 1.20314795e+03,
       1.66055139e+03, 1.19944446e+03, 1.75911951e+03, 1.19650513e+03,
       1.09343896e+03, 1.31855005e+03, 1.18532153e+03, 1.31445313e+03,
       1.27853809e+03, 1.31060303e+03, 1.37348694e+03, 1.30698560e+03,
       1.46920313e+03, 1.30362964e+03, 1.56548779e+03, 1.30043213e+03,
       1.66337610e+03, 1.29710449e+03, 1.76130383e+03, 1.29410083e+03 ]
   - [ 1.31126306e+03, 8.34486206e+02, 1.40720691e+03, 8.29041992e+02,
       1.50360059e+03, 8.24033875e+02, 1.60154346e+03, 8.19621948e+02,
       1.69993188e+03, 8.15500488e+02, 1.79861426e+03, 8.12255737e+02,
       1.89835010e+03, 8.09207764e+02, 1.99768921e+03, 8.06992188e+02,
       1.31304846e+03, 9.30357849e+02, 1.40895850e+03, 9.25047852e+02,
       1.50556360e+03, 9.20430786e+02, 1.60340503e+03, 9.16193787e+02,
       1.70175537e+03, 9.12504272e+02, 1.80067810e+03, 9.09262451e+02,
       1.90004260e+03, 9.06299744e+02, 1.99950146e+03, 9.04172791e+02,
       1.31530823e+03, 1.02643164e+03, 1.41092053e+03, 1.02172260e+03,
       1.50771216e+03, 1.01739893e+03, 1.60548853e+03, 1.01367432e+03,
       1.70404517e+03, 1.01002295e+03, 1.80287512e+03, 1.00688464e+03,
       1.90204443e+03, 1.00413745e+03, 2.00126282e+03, 1.00177576e+03,
       1.31802637e+03, 1.12307312e+03, 1.41337488e+03, 1.11859082e+03,
       1.51027856e+03, 1.11456946e+03, 1.60790137e+03, 1.11090063e+03,
       1.70619165e+03, 1.10749817e+03, 1.80461475e+03, 1.10453052e+03,
       1.90394958e+03, 1.10194714e+03, 2.00343542e+03, 1.09950293e+03,
       1.32080432e+03, 1.21982336e+03, 1.41626025e+03, 1.21569482e+03,
       1.51279407e+03, 1.21194165e+03, 1.61050330e+03, 1.20866235e+03,
       1.70864050e+03, 1.20550610e+03, 1.80707544e+03, 1.20267798e+03,
       1.90627856e+03, 1.19994800e+03, 2.00525464e+03, 1.19790356e+03,
       1.32424048e+03, 1.31623035e+03, 1.41956396e+03, 1.31260852e+03,
       1.51600183e+03, 1.30928015e+03, 1.61321912e+03, 1.30612073e+03,
       1.71117163e+03, 1.30327795e+03, 1.80943591e+03, 1.30048352e+03,
       1.90833997e+03, 1.29800623e+03, 2.00731921e+03, 1.29565906e+03 ]
   - [ 1.55376050e+03, 8.28715759e+02, 1.65224219e+03, 8.24488159e+02,
       1.75070972e+03, 8.20876526e+02, 1.85038232e+03, 8.17743896e+02,
       1.94987952e+03, 8.15345154e+02, 2.04928613e+03, 8.13301819e+02,
       2.14885278e+03, 8.11877197e+02, 2.24813306e+03, 8.10940491e+02,
       1.55574829e+03, 9.25545227e+02, 1.65417908e+03, 9.21342468e+02,
       1.75256140e+03, 9.18055176e+02, 1.85228357e+03, 9.14895081e+02,
       1.95168335e+03, 9.12635437e+02, 2.05133252e+03, 9.10590637e+02,
       2.15098267e+03, 9.08784058e+02, 2.25007324e+03, 9.07942932e+02,
       1.55766101e+03, 1.02276862e+03, 1.65617200e+03, 1.01916577e+03,
       1.75485852e+03, 1.01564569e+03, 1.85426831e+03, 1.01278998e+03,
       1.95372278e+03, 1.01058167e+03, 2.05311694e+03, 1.00851477e+03,
       2.15267090e+03, 1.00664447e+03, 2.25192188e+03, 1.00550513e+03,
       1.56018884e+03, 1.12038672e+03, 1.65826758e+03, 1.11661658e+03,
       1.75687646e+03, 1.11353955e+03, 1.85625171e+03, 1.11088635e+03,
       1.95592468e+03, 1.10851453e+03, 2.05515527e+03, 1.10639941e+03,
       2.15449487e+03, 1.10472852e+03, 2.25360474e+03, 1.10341675e+03,
       1.56275488e+03, 1.21788672e+03, 1.66092236e+03, 1.21474658e+03,
       1.75908472e+03, 1.21185266e+03, 1.85858215e+03, 1.20931006e+03,
       1.95780017e+03, 1.20676611e+03, 2.05688501e+03, 1.20481494e+03,
       2.15606689e+03, 1.20297644e+03, 2.25504663e+03, 1.20155676e+03,
       1.56551477e+03, 1.31551392e+03, 1.66349622e+03, 1.31245752e+03,
       1.76195984e+03, 1.30968628e+03, 1.86072815e+03, 1.30705103e+03,
       1.96010376e+03, 1.30484839e+03, 2.05863696e+03, 1.30261926e+03,
       2.15787671e+03, 1.30088049e+03, 2.25664966e+03, 1.29915967e+03 ]
   - [ 6.68805542e+02, 6.49289185e+02, 7.51060120e+02, 6.39355469e+02,
       8.35177612e+02, 6.30002563e+02, 9.21214294e+02, 6.20540039e+02,
       1.00874286e+03, 6.12000244e+02, 1.09810876e+03, 6.04311707e+02,
       1.18886230e+03, 5.96410767e+02, 1.28117542e+03, 5.89435059e+02,
       6.68173401e+02, 7.37463074e+02, 7.50616333e+02, 7.28255432e+02,
       8.34740723e+02, 7.19317688e+02, 9.20842163e+02, 7.10713867e+02,
       1.00866779e+03, 7.02630676e+02, 1.09809656e+03, 6.94781677e+02,
       1.18935278e+03, 6.87791260e+02, 1.28153833e+03, 6.81286438e+02,
       6.68029419e+02, 8.26671326e+02, 7.50617493e+02, 8.18143860e+02,
       8.35011108e+02, 8.09742737e+02, 9.21256775e+02, 8.01950684e+02,
       1.00928113e+03, 7.94236023e+02, 1.09873193e+03, 7.87038269e+02,
       1.18990588e+03, 7.80530823e+02, 1.28238635e+03, 7.74250977e+02,
       6.68673035e+02, 9.16664490e+02, 7.51243347e+02, 9.08139282e+02,
       8.36115479e+02, 9.00746338e+02, 9.22398560e+02, 8.93225464e+02,
       1.01035638e+03, 8.86587708e+02, 1.10002795e+03, 8.79589478e+02,
       1.19127380e+03, 8.73524963e+02, 1.28380933e+03, 8.67826355e+02,
       6.70449524e+02, 1.00676593e+03, 7.53227600e+02, 9.99379150e+02,
       8.37600647e+02, 9.92348999e+02, 9.24243469e+02, 9.85697021e+02,
       1.01220508e+03, 9.79320190e+02, 1.10199817e+03, 9.73295410e+02,
       1.19307520e+03, 9.67361938e+02, 1.28548108e+03, 9.62013916e+02,
       6.72877808e+02, 1.09738611e+03, 7.55313538e+02, 1.09040833e+03,
       8.40170227e+02, 1.08430981e+03, 9.26373352e+02, 1.07823035e+03,
       1.01450452e+03, 1.07241101e+03, 1.10387463e+03, 1.06675146e+03,
       1.19523816e+03, 1.06141199e+03, 1.28769238e+03, 1.05650781e+03 ]
   - [ 8.76364929e+02, 6.31846802e+02, 9.63299316e+02, 6.22964050e+02,
       1.05179468e+03, 6.14643921e+02, 1.14213953e+03, 6.06631775e+02,
       1.23373169e+03, 5.99393738e+02, 1.32629370e+03, 5.92684937e+02,
       1.42040955e+03, 5.86357178e+02, 1.51545337e+03, 5.80608765e+02,
       8.76396606e+02, 7.22168091e+02, 9.63137146e+02, 7.13517883e+02,
       1.05200476e+03, 7.05791809e+02, 1.14251392e+03, 6.98064758e+02,
       1.23402649e+03, 6.91089355e+02, 1.32680908e+03, 6.85017761e+02,
       1.42137219e+03, 6.79032227e+02, 1.51658630e+03, 6.73694336e+02,
       8.76526855e+02, 8.12876953e+02, 9.63712646e+02, 8.05257874e+02,
       1.05248816e+03, 7.97703369e+02, 1.14308484e+03, 7.90646790e+02,
       1.23487256e+03, 7.84260498e+02, 1.32791345e+03, 7.78350525e+02,
       1.42237280e+03, 7.72754089e+02, 1.51766626e+03, 7.67593750e+02,
       8.77726501e+02, 9.04366272e+02, 9.64954590e+02, 8.97070679e+02,
       1.05383325e+03, 8.90430786e+02, 1.14440955e+03, 8.83803772e+02,
       1.23632031e+03, 8.77687378e+02, 1.32916858e+03, 8.72206421e+02,
       1.42400476e+03, 8.66833008e+02, 1.51923206e+03, 8.62254089e+02,
       8.79233276e+02, 9.96254883e+02, 9.66683716e+02, 9.89677368e+02,
       1.05566443e+03, 9.83366089e+02, 1.14625342e+03, 9.77613770e+02,
       1.23835144e+03, 9.72028442e+02, 1.33129773e+03, 9.66743652e+02,
       1.42554346e+03, 9.62017639e+02, 1.52123193e+03, 9.57451538e+02,
       8.81513367e+02, 1.08853394e+03, 9.68897705e+02, 1.08256140e+03,
       1.05787244e+03, 1.07694031e+03, 1.14852625e+03, 1.07156934e+03,
       1.24039343e+03, 1.06659875e+03, 1.33330359e+03, 1.06152124e+03,
       1.42820300e+03, 1.05711426e+03, 1.52359900e+03, 1.05297314e+03 ]
   - [ 1.09658862e+03, 6.16655396e+02, 1.18766199e+03, 6.09071472e+02,
       1.28011096e+03, 6.02062866e+02, 1.37393884e+03, 5.95399353e+02,
       1.46846082e+03, 5.89543091e+02, 1.56399548e+03, 5.84418396e+02,
       1.66043445e+03, 5.79652466e+02, 1.75730347e+03, 5.75694336e+02,
       1.09672668e+03, 7.08195618e+02, 1.18817419e+03, 7.00991943e+02,
       1.28053198e+03, 6.94226379e+02, 1.37462256e+03, 6.88129028e+02,
       1.46934216e+03, 6.82554260e+02, 1.56485474e+03, 6.77643188e+02,
       1.66173145e+03, 6.73244080e+02, 1.75883240e+03, 6.69366821e+02,
       1.09762451e+03, 8.00626282e+02, 1.18892761e+03, 7.93721680e+02,
       1.28157520e+03, 7.87557251e+02, 1.37563831e+03, 7.81871887e+02,
       1.47056128e+03, 7.76557861e+02, 1.56636072e+03, 7.71765503e+02,
       1.66303748e+03, 7.67562317e+02, 1.76034973e+03, 7.64095032e+02,
       1.09874500e+03, 8.93520020e+02, 1.19030017e+03, 8.87286743e+02,
       1.28308630e+03, 8.81449524e+02, 1.37690930e+03, 8.76065186e+02,
       1.47222571e+03, 8.71237061e+02, 1.56772632e+03, 8.66770996e+02,
       1.66470557e+03, 8.62712158e+02, 1.76226465e+03, 8.59073792e+02,
       1.10067346e+03, 9.87150269e+02, 1.19230762e+03, 9.81558655e+02,
       1.28472656e+03, 9.76134949e+02, 1.37913953e+03, 9.71311829e+02,
       1.47407568e+03, 9.66539185e+02, 1.56977856e+03, 9.62508972e+02,
       1.66661536e+03, 9.58546631e+02, 1.76433521e+03, 9.55404358e+02,
       1.10334412e+03, 1.08126306e+03, 1.19457788e+03, 1.07581628e+03,
       1.28725439e+03, 1.07079822e+03, 1.38115796e+03, 1.06636536e+03,
       1.47631055e+03, 1.06220398e+03, 1.57211890e+03, 1.05818298e+03,
       1.66897351e+03, 1.05452930e+03, 1.76628198e+03, 1.05135876e+03 ]
   - [ 1.32467334e+03, 6.04831360e+02, 1.41915601e+03, 5.98619995e+02,
       1.51439490e+03, 5.93248108e+02, 1.61076233e+03, 5.88298035e+02,
       1.70756274e+03, 5.83936951e+02, 1.80480286e+03, 5.80513672e+02,
       1.90263586e+03, 5.77332397e+02, 2.00044604e+03, 5.75286194e+02,
       1.32556738e+03, 6.97559692e+02, 1.42013574e+03, 6.91488708e+02,
       1.51532776e+03, 6.86339783e+02, 1.61213660e+03, 6.81822083e+02,
       1.70909033e+03, 6.77562256e+02, 1.80647046e+03, 6.74249939e+02,
       1.90443103e+03, 6.71310486e+02, 2.00230261e+03, 6.69002136e+02,
       1.32650195e+03, 7.91289246e+02, 1.42120520e+03, 7.85808472e+02,
       1.51661572e+03, 7.80812134e+02, 1.61327258e+03, 7.76398010e+02,
       1.71046777e+03, 7.72535706e+02, 1.80809143e+03, 7.69009827e+02,
       1.90614966e+03, 7.66352112e+02, 2.00417493e+03, 7.64093994e+02,
       1.32792383e+03, 8.85639343e+02, 1.42236755e+03, 8.80440125e+02,
       1.51825012e+03, 8.75691162e+02, 1.61489026e+03, 8.71441284e+02,
       1.71236536e+03, 8.67593018e+02, 1.80967554e+03, 8.64589905e+02,
       1.90798364e+03, 8.61844177e+02, 2.00630676e+03, 8.59382813e+02,
       1.32977856e+03, 9.80536865e+02, 1.42457117e+03, 9.75750183e+02,
       1.52024963e+03, 9.71234680e+02, 1.61687646e+03, 9.67474121e+02,
       1.71436804e+03, 9.63838074e+02, 1.81185706e+03, 9.60748169e+02,
       1.90972009e+03, 9.58087708e+02, 2.00813611e+03, 9.55689392e+02,
       1.33227759e+03, 1.07569641e+03, 1.42674438e+03, 1.07127454e+03,
       1.52245850e+03, 1.06738281e+03, 1.61891040e+03, 1.06337805e+03,
       1.71622144e+03, 1.06029688e+03, 1.81377954e+03, 1.05709985e+03,
       1.91193823e+03, 1.05454626e+03, 2.01012122e+03, 1.05236279e+03 ]
   - [ 1.56331946e+03, 5.97296204e+02, 1.66010303e+03, 5.92540894e+02,
       1.75715869e+03, 5.88791199e+02, 1.85523425e+03, 5.85384277e+02,
       1.95309448e+03, 5.82760254e+02, 2.05118408e+03, 5.81035034e+02,
       2.14892383e+03, 5.79734131e+02, 2.24647241e+03, 5.79309143e+02,
       1.56436414e+03, 6.90592834e+02, 1.66135767e+03, 6.86435852e+02,
       1.75852661e+03, 6.82558167e+02, 1.85672192e+03, 6.79221802e+02,
       1.95485620e+03, 6.76927490e+02, 2.05281592e+03, 6.75083069e+02,
       2.15133521e+03, 6.73942688e+02, 2.24906714e+03, 6.73065002e+02,
       1.56575098e+03, 7.85463867e+02, 1.66282959e+03, 7.81363831e+02,
       1.76042969e+03, 7.77679749e+02, 1.85833594e+03, 7.74471924e+02,
       1.95664453e+03, 7.72336670e+02, 2.05485547e+03, 7.70234619e+02,
       2.15310010e+03, 7.68798157e+02, 2.25096094e+03, 7.67982971e+02,
       1.56738562e+03, 8.80740662e+02, 1.66435522e+03, 8.76697327e+02,
       1.76215588e+03, 8.73255920e+02, 1.86033630e+03, 8.70396790e+02,
       1.95857227e+03, 8.67755981e+02, 2.05675464e+03, 8.66020264e+02,
       2.15510596e+03, 8.64523254e+02, 2.25292163e+03, 8.63435608e+02,
       1.56916113e+03, 9.76733826e+02, 1.66648804e+03, 9.72872070e+02,
       1.76396057e+03, 9.69621033e+02, 1.86238379e+03, 9.66745422e+02,
       1.96055652e+03, 9.64347717e+02, 2.05866553e+03, 9.62446045e+02,
       2.15691382e+03, 9.60935547e+02, 2.25500293e+03, 9.59763489e+02,
       1.57144397e+03, 1.07271423e+03, 1.66849316e+03, 1.06926013e+03,
       1.76600586e+03, 1.06623938e+03, 1.86437891e+03, 1.06335840e+03,
       1.96229883e+03, 1.06101794e+03, 2.06052515e+03, 1.05897546e+03,
       2.15888403e+03, 1.05733142e+03, 2.25663525e+03, 1.05626794e+03 ]
   - [ 6.93791565e+02, 4.40686554e+02, 7.75067688e+02, 4.29544037e+02,
       8.58020508e+02, 4.18694519e+02, 9.42785522e+02, 4.08695282e+02,
       1.02933752e+03, 3.99007416e+02, 1.11704797e+03, 3.90246887e+02,
       1.20638977e+03, 3.81436920e+02, 1.29682605e+03, 3.73512085e+02,
       6.91525513e+02, 5.25254150e+02, 7.73006409e+02, 5.14836670e+02,
       8.56111511e+02, 5.04592377e+02, 9.41194885e+02, 4.94820435e+02,
       1.02792871e+03, 4.86197662e+02, 1.11577930e+03, 4.77155548e+02,
       1.20567017e+03, 4.69190308e+02, 1.29652905e+03, 4.61830811e+02,
       6.89709961e+02, 6.11549561e+02, 7.71314453e+02, 6.01433777e+02,
       8.54723816e+02, 5.91799133e+02, 9.40305725e+02, 5.82842773e+02,
       1.02690491e+03, 5.74120972e+02, 1.11530908e+03, 5.66133911e+02,
       1.20516724e+03, 5.58331482e+02, 1.29640662e+03, 5.51257996e+02,
       6.88587891e+02, 6.98598572e+02, 7.70510681e+02, 6.88892639e+02,
       8.54206665e+02, 6.80067017e+02, 9.39618286e+02, 6.71230530e+02,
       1.02669800e+03, 6.63167969e+02, 1.11513696e+03, 6.55625122e+02,
       1.20519409e+03, 6.48393372e+02, 1.29676501e+03, 6.41625977e+02,
       6.88846069e+02, 7.86191528e+02, 7.70720947e+02, 7.77515198e+02,
       8.54339172e+02, 7.68895569e+02, 9.39830200e+02, 7.61121765e+02,
       1.02699011e+03, 7.53512451e+02, 1.11560046e+03, 7.46316040e+02,
       1.20586023e+03, 7.39403870e+02, 1.29742175e+03, 7.33242188e+02,
       6.89087524e+02, 8.74653625e+02, 7.71134949e+02, 8.66483521e+02,
       8.54780579e+02, 8.58592468e+02, 9.40926819e+02, 8.51249023e+02,
       1.02787549e+03, 8.44281738e+02, 1.11652869e+03, 8.37446350e+02,
       1.20700171e+03, 8.31390808e+02, 1.29841418e+03, 8.25322815e+02 ]
   - [ 8.98672119e+02, 4.20240234e+02, 9.84354309e+02, 4.10106262e+02,
       1.07140125e+03, 4.00620728e+02, 1.16029773e+03, 3.91939178e+02,
       1.25043188e+03, 3.83703491e+02, 1.34143237e+03, 3.76395630e+02,
       1.43398962e+03, 3.69632935e+02, 1.52741248e+03, 3.63670135e+02,
       8.96820129e+02, 5.06400085e+02, 9.82962463e+02, 4.96895447e+02,
       1.07031702e+03, 4.87628387e+02, 1.15942212e+03, 4.79605591e+02,
       1.24998865e+03, 4.72217102e+02, 1.34130640e+03, 4.64733887e+02,
       1.43411389e+03, 4.58312042e+02, 1.52777747e+03, 4.52558319e+02,
       8.95901611e+02, 5.93946533e+02, 9.82123535e+02, 5.85255981e+02,
       1.06964185e+03, 5.76733398e+02, 1.15896436e+03, 5.68764160e+02,
       1.24961816e+03, 5.61498108e+02, 1.34126233e+03, 5.54608704e+02,
       1.43420386e+03, 5.48411194e+02, 1.52817261e+03, 5.42852966e+02,
       8.95426575e+02, 6.82723816e+02, 9.81642822e+02, 6.74053284e+02,
       1.06924304e+03, 6.66399658e+02, 1.15888684e+03, 6.58543884e+02,
       1.24966650e+03, 6.51684387e+02, 1.34166870e+03, 6.45515503e+02,
       1.43491602e+03, 6.39648315e+02, 1.52893701e+03, 6.34129089e+02,
       8.95443665e+02, 7.72130371e+02, 9.82163757e+02, 7.64445679e+02,
       1.06998535e+03, 7.56837097e+02, 1.15933398e+03, 7.49933716e+02,
       1.25064099e+03, 7.43367371e+02, 1.34262061e+03, 7.37295410e+02,
       1.43615686e+03, 7.31814026e+02, 1.53033813e+03, 7.26502319e+02,
       8.96365845e+02, 8.62319763e+02, 9.83078308e+02, 8.54741272e+02,
       1.07077917e+03, 8.48262878e+02, 1.16078357e+03, 8.41589050e+02,
       1.25189001e+03, 8.35362976e+02, 1.34379346e+03, 8.29749390e+02,
       1.43726477e+03, 8.24572510e+02, 1.53166394e+03, 8.19870483e+02 ]
   - [ 1.11548096e+03, 4.02103424e+02, 1.20507837e+03, 3.93524353e+02,
       1.29590234e+03, 3.85565613e+02, 1.38811816e+03, 3.78605316e+02,
       1.48091821e+03, 3.72120361e+02, 1.57482239e+03, 3.66658142e+02,
       1.66929565e+03, 3.61509369e+02, 1.76459143e+03, 3.57443420e+02,
       1.11465833e+03, 4.89642609e+02, 1.20429565e+03, 4.81477325e+02,
       1.29553674e+03, 4.74147797e+02, 1.38789221e+03, 4.67238892e+02,
       1.48132593e+03, 4.61359924e+02, 1.57524683e+03, 4.55996277e+02,
       1.67039697e+03, 4.51041779e+02, 1.76586108e+03, 4.46947571e+02,
       1.11399939e+03, 5.78688416e+02, 1.20426599e+03, 5.70860962e+02,
       1.29527454e+03, 5.64048157e+02, 1.38816821e+03, 5.57355591e+02,
       1.48155762e+03, 5.51705444e+02, 1.57603870e+03, 5.46606506e+02,
       1.67114661e+03, 5.42022522e+02, 1.76675183e+03, 5.38094971e+02,
       1.11406653e+03, 6.68580627e+02, 1.20437158e+03, 6.61253967e+02,
       1.29563391e+03, 6.54852478e+02, 1.38852673e+03, 6.48696777e+02,
       1.48233704e+03, 6.43076416e+02, 1.57674756e+03, 6.38159302e+02,
       1.67243127e+03, 6.33833740e+02, 1.76815967e+03, 6.30024963e+02,
       1.11455054e+03, 7.59643799e+02, 1.20493115e+03, 7.53035339e+02,
       1.29651721e+03, 7.46599854e+02, 1.38957446e+03, 7.40747192e+02,
       1.48338843e+03, 7.35702209e+02, 1.57821057e+03, 7.30915344e+02,
       1.67384204e+03, 7.26812500e+02, 1.77002368e+03, 7.23181030e+02,
       1.11551917e+03, 8.51278076e+02, 1.20611133e+03, 8.45016541e+02,
       1.29783032e+03, 8.39194824e+02, 1.39075842e+03, 8.33792297e+02,
       1.48487439e+03, 8.28685303e+02, 1.57964905e+03, 8.24395874e+02,
       1.67534717e+03, 8.20579529e+02, 1.77168420e+03, 8.16861206e+02 ]
   - [ 1.33967932e+03, 3.87852173e+02, 1.43242102e+03, 3.80865814e+02,
       1.52603223e+03, 3.74796234e+02, 1.62048901e+03, 3.69521912e+02,
       1.71564270e+03, 3.65252808e+02, 1.81081458e+03, 3.61420807e+02,
       1.90681091e+03, 3.58518280e+02, 2.00267578e+03, 3.56514099e+02,
       1.33937183e+03, 4.76662750e+02, 1.43238416e+03, 4.70239441e+02,
       1.52626245e+03, 4.64425140e+02, 1.62113794e+03, 4.59441528e+02,
       1.71653003e+03, 4.54897614e+02, 1.81220251e+03, 4.51082581e+02,
       1.90843164e+03, 4.48481873e+02, 2.00470056e+03, 4.46308075e+02,
       1.33937451e+03, 5.66873413e+02, 1.43272449e+03, 5.60466431e+02,
       1.52681421e+03, 5.55152161e+02, 1.62190039e+03, 5.50296753e+02,
       1.71765112e+03, 5.46157288e+02, 1.81358325e+03, 5.42727356e+02,
       1.90998376e+03, 5.39665649e+02, 2.00659851e+03, 5.37590393e+02,
       1.34001538e+03, 6.58078552e+02, 1.43336206e+03, 6.52311157e+02,
       1.52752026e+03, 6.47008301e+02, 1.62295898e+03, 6.42245483e+02,
       1.71867883e+03, 6.38382568e+02, 1.81502356e+03, 6.34796692e+02,
       1.91162659e+03, 6.31951660e+02, 2.00841260e+03, 6.29789246e+02,
       1.34079236e+03, 7.50303772e+02, 1.43440955e+03, 7.44711060e+02,
       1.52882837e+03, 7.39813599e+02, 1.62438562e+03, 7.35367188e+02,
       1.72038831e+03, 7.31458923e+02, 1.81661609e+03, 7.28387146e+02,
       1.91334924e+03, 7.25520569e+02, 2.01041064e+03, 7.23267639e+02,
       1.34223657e+03, 8.43283447e+02, 1.43576965e+03, 8.37951721e+02,
       1.53035010e+03, 8.33062012e+02, 1.62614575e+03, 8.29057739e+02,
       1.72201392e+03, 8.25421814e+02, 1.81826233e+03, 8.22203308e+02,
       1.91519788e+03, 8.19463928e+02, 2.01228931e+03, 8.17319092e+02 ]
   - [ 1.57355603e+03, 3.78457855e+02, 1.66852246e+03, 3.73248688e+02,
       1.76395166e+03, 3.69196045e+02, 1.86018445e+03, 3.66067902e+02,
       1.95625073e+03, 3.63377533e+02, 2.05208398e+03, 3.61520203e+02,
       2.14820776e+03, 3.60778320e+02, 2.24406201e+03, 3.60625580e+02,
       1.57412390e+03, 4.68149963e+02, 1.66939636e+03, 4.63348877e+02,
       1.76513416e+03, 4.59414795e+02, 1.86125708e+03, 4.56007874e+02,
       1.95774707e+03, 4.53409393e+02, 2.05411060e+03, 4.51566010e+02,
       2.15045264e+03, 4.50625671e+02, 2.24649219e+03, 4.50491150e+02,
       1.57466357e+03, 5.59131042e+02, 1.67029175e+03, 5.54453796e+02,
       1.76615991e+03, 5.50630371e+02, 1.86291809e+03, 5.47636292e+02,
       1.95949231e+03, 5.45039307e+02, 2.05619385e+03, 5.43265991e+02,
       2.15259473e+03, 5.41977966e+02, 2.24901416e+03, 5.41688477e+02,
       1.57550208e+03, 6.51224976e+02, 1.67141064e+03, 6.46751770e+02,
       1.76750183e+03, 6.43259094e+02, 1.86437317e+03, 6.40086243e+02,
       1.96123877e+03, 6.37583740e+02, 2.05791528e+03, 6.35743591e+02,
       2.15484668e+03, 6.34548340e+02, 2.25124170e+03, 6.34078857e+02,
       1.57701172e+03, 7.44357544e+02, 1.67275354e+03, 7.40223267e+02,
       1.76901953e+03, 7.36439392e+02, 1.86606836e+03, 7.33559814e+02,
       1.96301929e+03, 7.31148621e+02, 2.05996729e+03, 7.29284607e+02,
       2.15687549e+03, 7.28012207e+02, 2.25361108e+03, 7.27426086e+02,
       1.57835828e+03, 8.38297119e+02, 1.67439941e+03, 8.34161011e+02,
       1.77069885e+03, 8.30642578e+02, 1.86779749e+03, 8.27720459e+02,
       1.96485046e+03, 8.25550110e+02, 2.06184814e+03, 8.23580994e+02,
       2.15900049e+03, 8.22218506e+02, 2.25572144e+03, 8.21190186e+02 ]
