%YAML:1.0
---
points:
   - [ 5.02543457e+02, 1.30550037e+03, 6.05588562e+02, 1.30346411e+03,
       7.08497559e+02, 1.30145642e+03, 8.11666321e+02, 1.29953210e+03,
       9.14149963e+02, 1.29729175e+03, 1.01655878e+03, 1.29550781e+03,
       1.11935938e+03, 1.29319604e+03, 1.22177979e+03, 1.29110803e+03,
       5.12540527e+02, 1.40717554e+03, 6.14922607e+02, 1.40510278e+03,
       7.17370728e+02, 1.40313416e+03, 8.19960571e+02, 1.40089368e+03,
       9.21802124e+02, 1.39884558e+03, 1.02390210e+03, 1.39666907e+03,
       1.12636926e+03, 1.39469214e+03, 1.22811218e+03, 1.39249390e+03,
       5.21667725e+02, 1.50779187e+03, 6.24269104e+02, 1.50596387e+03,
       7.26188354e+02, 1.50386926e+03, 8.28098755e+02, 1.50179932e+03,
       9.29671387e+02, 1.49965747e+03, 1.03099512e+03, 1.49748511e+03,
       1.13265112e+03, 1.49510547e+03, 1.23398621e+03, 1.49301611e+03,
       5.31937439e+02, 1.60757043e+03, 6.33543945e+02, 1.60536584e+03,
       7.34647522e+02, 1.60331262e+03, 8.36432190e+02, 1.60109619e+03,
       9.37060669e+02, 1.59895825e+03, 1.03824780e+03, 1.59679260e+03,
       1.13931738e+03, 1.59454395e+03, 1.24042407e+03, 1.59225085e+03,
       5.41111206e+02, 1.70613977e+03, 6.42594238e+02, 1.70406323e+03,
       7.43130310e+02, 1.70189868e+03, 8.44116028e+02, 1.69964001e+03,
       9.44969360e+02, 1.69764502e+03, 1.04515808e+03, 1.69543896e+03,
       1.14585168e+03, 1.69284570e+03, 1.24616699e+03, 1.69063684e+03,
       5.50546875e+02, 1.80360938e+03, 6.51540955e+02, 1.80167114e+03,
       7.51375793e+02, 1.79924548e+03, 8.52010315e+02, 1.79697998e+03,
       9.52442627e+02, 1.79510999e+03, 1.05199829e+03, 1.79267432e+03,
       1.15189954e+03, 1.79045300e+03, 1.25191357e+03, 1.78799866e+03 ]
   - [ 7.58903748e+02, 1.30818994e+03, 8.61508240e+02, 1.30639221e+03,
       9.64335205e+02, 1.30397583e+03, 1.06729797e+03, 1.30217090e+03,
       1.16980676e+03, 1.29981860e+03, 1.27215344e+03, 1.29760876e+03,
       1.37453320e+03, 1.29553015e+03, 1.47699207e+03, 1.29348071e+03,
       7.67469543e+02, 1.41001819e+03, 8.69773315e+02, 1.40758630e+03,
       9.71832703e+02, 1.40574121e+03, 1.07443066e+03, 1.40361096e+03,
       1.17639795e+03, 1.40136133e+03, 1.27807617e+03, 1.39915442e+03,
       1.37992493e+03, 1.39697864e+03, 1.48172107e+03, 1.39476868e+03,
       7.76010376e+02, 1.51058850e+03, 8.77735535e+02, 1.50856384e+03,
       9.79458557e+02, 1.50630920e+03, 1.08112195e+03, 1.50424988e+03,
       1.18268506e+03, 1.50199048e+03, 1.28403809e+03, 1.49983447e+03,
       1.38532214e+03, 1.49750134e+03, 1.48666040e+03, 1.49529614e+03,
       7.84279602e+02, 1.61013098e+03, 8.85819092e+02, 1.60791699e+03,
       9.86854309e+02, 1.60563269e+03, 1.08810339e+03, 1.60354297e+03,
       1.18921008e+03, 1.60144861e+03, 1.28977612e+03, 1.59926416e+03,
       1.39038660e+03, 1.59696631e+03, 1.49129651e+03, 1.59462134e+03,
       7.92985291e+02, 1.70891309e+03, 8.93567566e+02, 1.70677173e+03,
       9.93848816e+02, 1.70429053e+03, 1.09499854e+03, 1.70246265e+03,
       1.19519214e+03, 1.70011646e+03, 1.29563599e+03, 1.69764441e+03,
       1.39592554e+03, 1.69536670e+03, 1.49623022e+03, 1.69301965e+03,
       8.00818604e+02, 1.80645667e+03, 9.00885376e+02, 1.80395581e+03,
       1.00121741e+03, 1.80196130e+03, 1.10135754e+03, 1.79963599e+03,
       1.20154956e+03, 1.79732007e+03, 1.30144763e+03, 1.79512341e+03,
       1.40113977e+03, 1.79275586e+03, 1.50090527e+03, 1.79037683e+03 ]
   - [ 1.01648560e+03, 1.31022937e+03, 1.11947217e+03, 1.30842249e+03,
       1.22201709e+03, 1.30611108e+03, 1.32448096e+03, 1.30427771e+03,
       1.42707910e+03, 1.30199634e+03, 1.52933435e+03, 1.29990564e+03,
       1.63150928e+03, 1.29740894e+03, 1.73393213e+03, 1.29538086e+03,
       1.02396851e+03, 1.41193701e+03, 1.12614111e+03, 1.40969250e+03,
       1.22808948e+03, 1.40770520e+03, 1.33051172e+03, 1.40556641e+03,
       1.43237659e+03, 1.40339343e+03, 1.53395459e+03, 1.40135620e+03,
       1.63588037e+03, 1.39905542e+03, 1.73745850e+03, 1.39684814e+03,
       1.03082214e+03, 1.51270288e+03, 1.13295227e+03, 1.51066602e+03,
       1.23416846e+03, 1.50831482e+03, 1.33606567e+03, 1.50635364e+03,
       1.43718408e+03, 1.50403992e+03, 1.53841052e+03, 1.50187329e+03,
       1.63977710e+03, 1.49952405e+03, 1.74084656e+03, 1.49734851e+03,
       1.03802832e+03, 1.61210217e+03, 1.13967737e+03, 1.60988818e+03,
       1.24036816e+03, 1.60803149e+03, 1.34156274e+03, 1.60563220e+03,
       1.44234473e+03, 1.60345093e+03, 1.54273474e+03, 1.60133826e+03,
       1.64378235e+03, 1.59884851e+03, 1.74448547e+03, 1.59654675e+03,
       1.04510999e+03, 1.71073584e+03, 1.14601770e+03, 1.70874146e+03,
       1.24623816e+03, 1.70638489e+03, 1.34686548e+03, 1.70441724e+03,
       1.44729199e+03, 1.70205334e+03, 1.54730469e+03, 1.69961621e+03,
       1.64777515e+03, 1.69720850e+03, 1.74783069e+03, 1.69520642e+03,
       1.05218787e+03, 1.80824243e+03, 1.15275549e+03, 1.80612073e+03,
       1.25212549e+03, 1.80370691e+03, 1.35236487e+03, 1.80161743e+03,
       1.45217358e+03, 1.79941382e+03, 1.55174756e+03, 1.79716125e+03,
       1.65150110e+03, 1.79469592e+03, 1.75135474e+03, 1.79241931e+03 ]
   - [ 1.27193420e+03, 1.31264758e+03, 1.37456995e+03, 1.31059009e+03,
       1.47689844e+03, 1.30859863e+03, 1.57991443e+03, 1.30644043e+03,
       1.68229749e+03, 1.30422876e+03, 1.78421387e+03, 1.30204333e+03,
       1.88668469e+03, 1.29993066e+03, 1.98870544e+03, 1.29764417e+03,
       1.27794043e+03, 1.41458545e+03, 1.38001965e+03, 1.41216467e+03,
       1.48200378e+03, 1.41010913e+03, 1.58418835e+03, 1.40780566e+03,
       1.68602563e+03, 1.40580713e+03, 1.78753516e+03, 1.40367102e+03,
       1.88942151e+03, 1.40137878e+03, 1.99106702e+03, 1.39893298e+03,
       1.28364038e+03, 1.51505774e+03, 1.38558484e+03, 1.51304272e+03,
       1.48671167e+03, 1.51062500e+03, 1.58820251e+03, 1.50868445e+03,
       1.68971033e+03, 1.50644788e+03, 1.79088196e+03, 1.50422168e+03,
       1.89203589e+03, 1.50210950e+03, 1.99289685e+03, 1.49991260e+03,
       1.28950720e+03, 1.61470862e+03, 1.39074658e+03, 1.61236816e+03,
       1.49145215e+03, 1.61045520e+03, 1.59255896e+03, 1.60801086e+03,
       1.69323059e+03, 1.60609375e+03, 1.79389050e+03, 1.60374463e+03,
       1.89460864e+03, 1.60141760e+03, 1.99525781e+03, 1.59899182e+03,
       1.29558936e+03, 1.71326550e+03, 1.39604248e+03, 1.71105408e+03,
       1.49630017e+03, 1.70883411e+03, 1.59688879e+03, 1.70664270e+03,
       1.69724475e+03, 1.70452307e+03, 1.79709827e+03, 1.70235547e+03,
       1.89747253e+03, 1.69992529e+03, 1.99719165e+03, 1.69753003e+03,
       1.30082959e+03, 1.81054358e+03, 1.40124915e+03, 1.80831531e+03,
       1.50097144e+03, 1.80644580e+03, 1.60094604e+03, 1.80393860e+03,
       1.70075720e+03, 1.80170532e+03, 1.80001404e+03, 1.79965503e+03,
       1.90004028e+03, 1.79740393e+03, 1.99949817e+03, 1.79487244e+03 ]
   - [ 1.53070923e+03, 1.31534033e+03, 1.63335022e+03, 1.31351782e+03,
       1.73586768e+03, 1.31139209e+03, 1.83818140e+03, 1.30923853e+03,
       1.94077014e+03, 1.30728723e+03, 2.04259375e+03, 1.30471289e+03,
       2.14487793e+03, 1.30268811e+03, 2.24697778e+03, 1.30056787e+03,
       1.53538452e+03, 1.41724109e+03, 1.63739661e+03, 1.41497388e+03,
       1.73935583e+03, 1.41296680e+03, 1.84133093e+03, 1.41054102e+03,
       1.94309387e+03, 1.40868542e+03, 2.04455127e+03, 1.40657092e+03,
       2.14628101e+03, 1.40425330e+03, 2.24810376e+03, 1.40217810e+03,
       1.53988953e+03, 1.51780847e+03, 1.64147729e+03, 1.51570264e+03,
       1.74268457e+03, 1.51361548e+03, 1.84423987e+03, 1.51130652e+03,
       1.94530823e+03, 1.50915063e+03, 2.04643347e+03, 1.50723181e+03,
       2.14760645e+03, 1.50477905e+03, 2.24881250e+03, 1.50256274e+03,
       1.54434216e+03, 1.61725403e+03, 1.64526892e+03, 1.61529187e+03,
       1.74606653e+03, 1.61317834e+03, 1.84710034e+03, 1.61107800e+03,
       1.94780200e+03, 1.60862646e+03, 2.04813501e+03, 1.60646912e+03,
       2.14893262e+03, 1.60420435e+03, 2.24961206e+03, 1.60190271e+03,
       1.54861572e+03, 1.71591528e+03, 1.64910669e+03, 1.71390149e+03,
       1.74965405e+03, 1.71170593e+03, 1.84999902e+03, 1.70953613e+03,
       1.95023755e+03, 1.70751782e+03, 2.05021924e+03, 1.70522424e+03,
       2.15032788e+03, 1.70263574e+03, 2.25033545e+03, 1.70053137e+03,
       1.55301184e+03, 1.81343054e+03, 1.65326172e+03, 1.81138745e+03,
       1.75283215e+03, 1.80908423e+03, 1.85276514e+03, 1.80700415e+03,
       1.95255518e+03, 1.80479553e+03, 2.05190942e+03, 1.80243457e+03,
       2.15166895e+03, 1.80014417e+03, 2.25111743e+03, 1.79791272e+03 ]
   - [ 5.06664337e+02, 1.04877612e+03, 6.10081360e+02, 1.04700928e+03,
       7.12753601e+02, 1.04488574e+03, 8.15852356e+02, 1.04318201e+03,
       9.18550781e+02, 1.04134106e+03, 1.02092487e+03, 1.03932324e+03,
       1.12353113e+03, 1.03724060e+03, 1.22604163e+03, 1.03544666e+03,
       5.16609314e+02, 1.15177844e+03, 6.19243225e+02, 1.14974719e+03,
       7.21737671e+02, 1.14780713e+03, 8.24369263e+02, 1.14606458e+03,
       9.26233521e+02, 1.14405225e+03, 1.02808179e+03, 1.14221143e+03,
       1.13041943e+03, 1.14005811e+03, 1.23229956e+03, 1.13812952e+03,
       5.26614441e+02, 1.25412671e+03, 6.28586914e+02, 1.25213074e+03,
       7.30382019e+02, 1.25006360e+03, 8.32134583e+02, 1.24823303e+03,
       9.34035400e+02, 1.24598999e+03, 1.03533337e+03, 1.24401111e+03,
       1.13674902e+03, 1.24191846e+03, 1.23815051e+03, 1.24004944e+03,
       5.36240723e+02, 1.35486694e+03, 6.37870483e+02, 1.35289368e+03,
       7.39256165e+02, 1.35089575e+03, 8.40370483e+02, 1.34855017e+03,
       9.41563782e+02, 1.34659436e+03, 1.04243640e+03, 1.34481628e+03,
       1.14334973e+03, 1.34254211e+03, 1.24420544e+03, 1.34035522e+03,
       5.46147827e+02, 1.45476770e+03, 6.47021301e+02, 1.45289331e+03,
       7.47662048e+02, 1.45071741e+03, 8.48212524e+02, 1.44867041e+03,
       9.49083130e+02, 1.44670105e+03, 1.04948865e+03, 1.44460864e+03,
       1.14992957e+03, 1.44241809e+03, 1.25022400e+03, 1.44029639e+03,
       5.55432556e+02, 1.55348303e+03, 6.55942688e+02, 1.55150415e+03,
       7.55980713e+02, 1.54934753e+03, 8.56336243e+02, 1.54722839e+03,
       9.56519653e+02, 1.54518567e+03, 1.05634998e+03, 1.54327148e+03,
       1.15633691e+03, 1.54083679e+03, 1.25615112e+03, 1.53888159e+03 ]
   - [ 7.62993164e+02, 1.05196289e+03, 8.66131775e+02, 1.04996167e+03,
       9.68483337e+02, 1.04797559e+03, 1.07133203e+03, 1.04592188e+03,
       1.17378711e+03, 1.04404309e+03, 1.27590356e+03, 1.04208386e+03,
       1.37880212e+03, 1.03999084e+03, 1.48119617e+03, 1.03789954e+03,
       7.71742859e+02, 1.15503394e+03, 8.74172302e+02, 1.15286914e+03,
       9.76050415e+02, 1.15082764e+03, 1.07842346e+03, 1.14893970e+03,
       1.18023596e+03, 1.14701477e+03, 1.28208057e+03, 1.14478674e+03,
       1.38402527e+03, 1.14280469e+03, 1.48610986e+03, 1.14043909e+03,
       7.80118652e+02, 1.25696777e+03, 8.82318237e+02, 1.25505725e+03,
       9.83323303e+02, 1.25290479e+03, 1.08519543e+03, 1.25090588e+03,
       1.18684204e+03, 1.24887622e+03, 1.28806763e+03, 1.24681311e+03,
       1.38969788e+03, 1.24455249e+03, 1.49065820e+03, 1.24250232e+03,
       7.88549683e+02, 1.35774438e+03, 8.89875183e+02, 1.35573230e+03,
       9.90865784e+02, 1.35386963e+03, 1.09211157e+03, 1.35152979e+03,
       1.19320032e+03, 1.34959705e+03, 1.29385767e+03, 1.34749597e+03,
       1.39478174e+03, 1.34528271e+03, 1.49546033e+03, 1.34312219e+03,
       7.97000244e+02, 1.45765442e+03, 8.97800720e+02, 1.45572156e+03,
       9.98383057e+02, 1.45350610e+03, 1.09898230e+03, 1.45160999e+03,
       1.19958826e+03, 1.44959399e+03, 1.29959717e+03, 1.44747449e+03,
       1.40006067e+03, 1.44499207e+03, 1.50042017e+03, 1.44279272e+03,
       8.05469299e+02, 1.55658179e+03, 9.05469849e+02, 1.55430798e+03,
       1.00561371e+03, 1.55233374e+03, 1.10540247e+03, 1.55019226e+03,
       1.20575989e+03, 1.54818909e+03, 1.30515002e+03, 1.54594214e+03,
       1.40503491e+03, 1.54365759e+03, 1.50512976e+03, 1.54136145e+03 ]
   - [ 1.02041748e+03, 1.05398291e+03, 1.12322803e+03, 1.05205566e+03,
       1.22586414e+03, 1.05010046e+03, 1.32851709e+03, 1.04803723e+03,
       1.43082495e+03, 1.04629626e+03, 1.53322192e+03, 1.04428528e+03,
       1.63548401e+03, 1.04196484e+03, 1.73779895e+03, 1.03992493e+03,
       1.02806409e+03, 1.15737280e+03, 1.13009167e+03, 1.15509204e+03,
       1.23220361e+03, 1.15308655e+03, 1.33436060e+03, 1.15112964e+03,
       1.43610693e+03, 1.14914978e+03, 1.53783020e+03, 1.14698914e+03,
       1.63973389e+03, 1.14464136e+03, 1.74122327e+03, 1.14267932e+03,
       1.03522705e+03, 1.25912634e+03, 1.13692773e+03, 1.25710706e+03,
       1.23808044e+03, 1.25511279e+03, 1.33996362e+03, 1.25313989e+03,
       1.44134375e+03, 1.25103760e+03, 1.54241956e+03, 1.24892957e+03,
       1.64382837e+03, 1.24663660e+03, 1.74495056e+03, 1.24472510e+03,
       1.04211914e+03, 1.36010632e+03, 1.14359058e+03, 1.35796924e+03,
       1.24424878e+03, 1.35587134e+03, 1.34542310e+03, 1.35381958e+03,
       1.44608765e+03, 1.35162073e+03, 1.54678503e+03, 1.34966199e+03,
       1.64764502e+03, 1.34750220e+03, 1.74834045e+03, 1.34522168e+03,
       1.04935730e+03, 1.45992041e+03, 1.14979614e+03, 1.45800208e+03,
       1.25028589e+03, 1.45565137e+03, 1.35101062e+03, 1.45369958e+03,
       1.45116895e+03, 1.45151306e+03, 1.55142188e+03, 1.44947046e+03,
       1.65163538e+03, 1.44725574e+03, 1.75157385e+03, 1.44512268e+03,
       1.05614319e+03, 1.55856506e+03, 1.15646753e+03, 1.55650024e+03,
       1.25627490e+03, 1.55462000e+03, 1.35636511e+03, 1.55235828e+03,
       1.45616357e+03, 1.55009973e+03, 1.55566858e+03, 1.54794507e+03,
       1.65541895e+03, 1.54572620e+03, 1.75493408e+03, 1.54356555e+03 ]
   - [ 1.27583179e+03, 1.05665845e+03, 1.37840845e+03, 1.05471680e+03,
       1.48105225e+03, 1.05265588e+03, 1.58364307e+03, 1.05067834e+03,
       1.68577478e+03, 1.04856238e+03, 1.78801257e+03, 1.04659290e+03,
       1.89047913e+03, 1.04437268e+03, 1.99254053e+03, 1.04237488e+03,
       1.28195129e+03, 1.15946167e+03, 1.38403674e+03, 1.15758691e+03,
       1.48606091e+03, 1.15552490e+03, 1.58789832e+03, 1.15357715e+03,
       1.68970911e+03, 1.15145142e+03, 1.79156702e+03, 1.14919519e+03,
       1.89313904e+03, 1.14706470e+03, 1.99481665e+03, 1.14514575e+03,
       1.28763916e+03, 1.26173022e+03, 1.38922620e+03, 1.25979761e+03,
       1.49038721e+03, 1.25765881e+03, 1.59219275e+03, 1.25543909e+03,
       1.69338208e+03, 1.25350232e+03, 1.79441821e+03, 1.25125598e+03,
       1.89565881e+03, 1.24926868e+03, 1.99675818e+03, 1.24707837e+03,
       1.29332947e+03, 1.36257288e+03, 1.39428723e+03, 1.36039063e+03,
       1.49536084e+03, 1.35831763e+03, 1.59639832e+03, 1.35622888e+03,
       1.69723279e+03, 1.35411414e+03, 1.79739722e+03, 1.35213867e+03,
       1.89850317e+03, 1.34967261e+03, 1.99919202e+03, 1.34759998e+03,
       1.29917346e+03, 1.46236316e+03, 1.39962097e+03, 1.46028577e+03,
       1.49996350e+03, 1.45819482e+03, 1.60053564e+03, 1.45611707e+03,
       1.70094238e+03, 1.45413245e+03, 1.80100256e+03, 1.45191101e+03,
       1.90092322e+03, 1.44973206e+03, 2.00123865e+03, 1.44758179e+03,
       1.30484619e+03, 1.56124365e+03, 1.40488257e+03, 1.55892505e+03,
       1.50469629e+03, 1.55702234e+03, 1.60458655e+03, 1.55473022e+03,
       1.70445605e+03, 1.55262207e+03, 1.80384497e+03, 1.55032080e+03,
       1.90354248e+03, 1.54837537e+03, 2.00318213e+03, 1.54623401e+03 ]
   - [ 1.53417639e+03, 1.05965442e+03, 1.63692004e+03, 1.05753003e+03,
       1.73908948e+03, 1.05558728e+03, 1.84160229e+03, 1.05350220e+03,
       1.94374097e+03, 1.05148755e+03, 2.04604004e+03, 1.04944153e+03,
       2.14824292e+03, 1.04726221e+03, 2.25021240e+03, 1.04531689e+03,
       1.53891858e+03, 1.16269019e+03, 1.64085876e+03, 1.16031982e+03,
       1.74272021e+03, 1.15834387e+03, 1.84459265e+03, 1.15637427e+03,
       1.94632898e+03, 1.15441016e+03, 2.04790271e+03, 1.15227722e+03,
       2.14994946e+03, 1.14994458e+03, 2.25108691e+03, 1.14811707e+03,
       1.54339917e+03, 1.26469971e+03, 1.64477148e+03, 1.26254163e+03,
       1.74612256e+03, 1.26037646e+03, 1.84758459e+03, 1.25838599e+03,
       1.94897278e+03, 1.25640442e+03, 2.04999146e+03, 1.25411108e+03,
       2.15099902e+03, 1.25180811e+03, 2.25213306e+03, 1.24988513e+03,
       1.54763696e+03, 1.36521484e+03, 1.64869238e+03, 1.36338220e+03,
       1.74953479e+03, 1.36146387e+03, 1.85048486e+03, 1.35906079e+03,
       1.95106946e+03, 1.35718811e+03, 2.05148022e+03, 1.35496985e+03,
       2.15223730e+03, 1.35275903e+03, 2.25273755e+03, 1.35052527e+03,
       1.55222449e+03, 1.46537805e+03, 1.65266614e+03, 1.46329639e+03,
       1.75299377e+03, 1.46125024e+03, 1.85337683e+03, 1.45889148e+03,
       1.95348181e+03, 1.45694263e+03, 2.05354956e+03, 1.45474585e+03,
       2.15373267e+03, 1.45241614e+03, 2.25340088e+03, 1.45042651e+03,
       1.55654065e+03, 1.56413403e+03, 1.65648987e+03, 1.56176501e+03,
       1.75613416e+03, 1.55986719e+03, 1.85614417e+03, 1.55772595e+03,
       1.95575916e+03, 1.55552307e+03, 2.05523242e+03, 1.55329724e+03,
       2.15481812e+03, 1.55134009e+03, 2.25440210e+03, 1.54902112e+03 ]
   - [ 5.11228394e+02, 7.88084717e+02, 6.14419434e+02, 7.86242249e+02,
       7.17054565e+02, 7.84732117e+02, 8.20321777e+02, 7.82874634e+02,
       9.22742432e+02, 7.81048096e+02, 1.02536450e+03, 7.79452026e+02,
       1.12793445e+03, 7.77428955e+02, 1.23058276e+03, 7.75734253e+02,
       5.21493286e+02, 8.92975464e+02, 6.23736877e+02, 8.90583801e+02,
       7.26227661e+02, 8.88907349e+02, 8.28618652e+02, 8.87189209e+02,
       9.30989746e+02, 8.85463928e+02, 1.03254675e+03, 8.83634216e+02,
       1.13470105e+03, 8.81899963e+02, 1.23671887e+03, 8.79801392e+02,
       5.31135925e+02, 9.96312683e+02, 6.32889771e+02, 9.94175781e+02,
       7.34857605e+02, 9.92282959e+02, 8.36710815e+02, 9.90416504e+02,
       9.38523743e+02, 9.88715454e+02, 1.03991931e+03, 9.87219971e+02,
       1.14130566e+03, 9.84884277e+02, 1.24275977e+03, 9.83145264e+02,
       5.40789001e+02, 1.09844873e+03, 6.42390991e+02, 1.09641187e+03,
       7.43746948e+02, 1.09456470e+03, 8.44995789e+02, 1.09282886e+03,
       9.46004700e+02, 1.09113196e+03, 1.04692041e+03, 1.08898755e+03,
       1.14786230e+03, 1.08694812e+03, 1.24856104e+03, 1.08489258e+03,
       5.50473755e+02, 1.19970337e+03, 6.51590271e+02, 1.19778125e+03,
       7.52177795e+02, 1.19586670e+03, 8.52908203e+02, 1.19393201e+03,
       9.53606323e+02, 1.19227100e+03, 1.05404309e+03, 1.19010217e+03,
       1.15427856e+03, 1.18802808e+03, 1.25458521e+03, 1.18612427e+03,
       5.59981750e+02, 1.29967712e+03, 6.60316101e+02, 1.29762915e+03,
       7.61046570e+02, 1.29601587e+03, 8.60821838e+02, 1.29390442e+03,
       9.60896057e+02, 1.29232202e+03, 1.06086719e+03, 1.28997302e+03,
       1.16050757e+03, 1.28786914e+03, 1.26055493e+03, 1.28608716e+03 ]
   - [ 7.67599304e+02, 7.91749329e+02, 8.70352356e+02, 7.89925110e+02,
       9.73003967e+02, 7.87877869e+02, 1.07571509e+03, 7.85904236e+02,
       1.17834656e+03, 7.84265625e+02, 1.28059546e+03, 7.82291748e+02,
       1.38317749e+03, 7.80436951e+02, 1.48532104e+03, 7.78369507e+02,
       7.76352661e+02, 8.96170959e+02, 8.78672546e+02, 8.94059265e+02,
       9.80404175e+02, 8.92407410e+02, 1.08280237e+03, 8.90440735e+02,
       1.18503918e+03, 8.88656982e+02, 1.28664063e+03, 8.86575623e+02,
       1.38863220e+03, 8.84498779e+02, 1.49027966e+03, 8.82598022e+02,
       7.84787476e+02, 9.99494629e+02, 8.86653748e+02, 9.97683350e+02,
       9.88462402e+02, 9.95754395e+02, 1.08976587e+03, 9.93864014e+02,
       1.19128394e+03, 9.91965393e+02, 1.29252258e+03, 9.89847656e+02,
       1.39408850e+03, 9.87750854e+02, 1.49518530e+03, 9.85974243e+02,
       7.93250488e+02, 1.10183484e+03, 8.94409485e+02, 1.09973303e+03,
       9.95471008e+02, 1.09777881e+03, 1.09679126e+03, 1.09574231e+03,
       1.19763733e+03, 1.09394299e+03, 1.29814160e+03, 1.09208740e+03,
       1.39924292e+03, 1.08992358e+03, 1.49979077e+03, 1.08787537e+03,
       8.01531921e+02, 1.20282288e+03, 9.02439880e+02, 1.20113574e+03,
       1.00273248e+03, 1.19894604e+03, 1.10343298e+03, 1.19724097e+03,
       1.20399377e+03, 1.19517041e+03, 1.30415955e+03, 1.19311353e+03,
       1.40440039e+03, 1.19088574e+03, 1.50458435e+03, 1.18884534e+03,
       8.09876099e+02, 1.30303870e+03, 9.09933655e+02, 1.30109558e+03,
       1.00996802e+03, 1.29931250e+03, 1.11008264e+03, 1.29703479e+03,
       1.21001331e+03, 1.29498096e+03, 1.30976587e+03, 1.29303418e+03,
       1.40945642e+03, 1.29073840e+03, 1.50926367e+03, 1.28890051e+03 ]
   - [ 1.02515222e+03, 7.94432129e+02, 1.12768396e+03, 7.92204590e+02,
       1.23019629e+03, 7.90436096e+02, 1.33264270e+03, 7.88450378e+02,
       1.43518872e+03, 7.86627686e+02, 1.53763086e+03, 7.84781738e+02,
       1.63997925e+03, 7.82623718e+02, 1.74210034e+03, 7.80782776e+02,
       1.03208545e+03, 8.98327576e+02, 1.13458850e+03, 8.96630554e+02,
       1.23632593e+03, 8.94503235e+02, 1.33859399e+03, 8.92751648e+02,
       1.44040222e+03, 8.90876709e+02, 1.54222290e+03, 8.88919739e+02,
       1.64401550e+03, 8.86963074e+02, 1.74574158e+03, 8.84873901e+02,
       1.03941846e+03, 1.00174133e+03, 1.14143628e+03, 1.00007007e+03,
       1.24246460e+03, 9.98043518e+02, 1.34395850e+03, 9.96271729e+02,
       1.44547400e+03, 9.94280212e+02, 1.54663892e+03, 9.92240356e+02,
       1.64809790e+03, 9.90028992e+02, 1.74924878e+03, 9.88207092e+02,
       1.04649731e+03, 1.10440381e+03, 1.14765637e+03, 1.10219507e+03,
       1.24879810e+03, 1.10045532e+03, 1.34978186e+03, 1.09808911e+03,
       1.45059070e+03, 1.09637219e+03, 1.55100708e+03, 1.09431152e+03,
       1.65169666e+03, 1.09234668e+03, 1.75246802e+03, 1.09009180e+03,
       1.05383325e+03, 1.20560388e+03, 1.15432739e+03, 1.20329626e+03,
       1.25460181e+03, 1.20136108e+03, 1.35539746e+03, 1.19953674e+03,
       1.45557251e+03, 1.19740576e+03, 1.55565234e+03, 1.19557788e+03,
       1.65585645e+03, 1.19313672e+03, 1.75622778e+03, 1.19117578e+03,
       1.06062659e+03, 1.30533704e+03, 1.16060889e+03, 1.30329944e+03,
       1.26043066e+03, 1.30132385e+03, 1.36066296e+03, 1.29939258e+03,
       1.46044653e+03, 1.29750708e+03, 1.55975549e+03, 1.29555334e+03,
       1.65982507e+03, 1.29324243e+03, 1.75923938e+03, 1.29101392e+03 ]
   - [ 1.27973132e+03, 7.96674011e+02, 1.38263855e+03, 7.94827271e+02,
       1.48480151e+03, 7.92881226e+02, 1.58757373e+03, 7.91036682e+02,
       1.68996875e+03, 7.88912231e+02, 1.79203979e+03, 7.87135742e+02,
       1.89475342e+03, 7.84970093e+02, 1.99682104e+03, 7.83080078e+02,
       1.28580750e+03, 9.01260498e+02, 1.38807849e+03, 8.99122864e+02,
       1.48988330e+03, 8.97238220e+02, 1.59196204e+03, 8.95274109e+02,
       1.69374292e+03, 8.93378662e+02, 1.79548193e+03, 8.91438354e+02,
       1.89723755e+03, 8.89263123e+02, 1.99885461e+03, 8.87436035e+02,
       1.29182617e+03, 1.00443213e+03, 1.39326843e+03, 1.00249719e+03,
       1.49475378e+03, 1.00056335e+03, 1.59625684e+03, 9.98837830e+02,
       1.69773694e+03, 9.96750366e+02, 1.79887317e+03, 9.94748779e+02,
       1.89992639e+03, 9.92700195e+02, 2.00079639e+03, 9.90591187e+02,
       1.29779919e+03, 1.10679993e+03, 1.39850525e+03, 1.10467004e+03,
       1.49965918e+03, 1.10269214e+03, 1.60055518e+03, 1.10072046e+03,
       1.70132495e+03, 1.09865674e+03, 1.80161450e+03, 1.09666284e+03,
       1.90240625e+03, 1.09468689e+03, 2.00311816e+03, 1.09246082e+03,
       1.30330383e+03, 1.20807861e+03, 1.40373865e+03, 1.20590015e+03,
       1.50412646e+03, 1.20383301e+03, 1.60473926e+03, 1.20196875e+03,
       1.70498279e+03, 1.19992578e+03, 1.80491895e+03, 1.19790918e+03,
       1.90521204e+03, 1.19568018e+03, 2.00504919e+03, 1.19382983e+03,
       1.30898438e+03, 1.30802783e+03, 1.40896094e+03, 1.30595422e+03,
       1.50893494e+03, 1.30396655e+03, 1.60873108e+03, 1.30192432e+03,
       1.70848596e+03, 1.29997095e+03, 1.80795178e+03, 1.29782312e+03,
       1.90764954e+03, 1.29575098e+03, 2.00719800e+03, 1.29355603e+03 ]
   - [ 1.53776270e+03, 7.99571045e+02, 1.64059631e+03, 7.97610535e+02,
       1.74268188e+03, 7.95713562e+02, 1.84547607e+03, 7.93746338e+02,
       1.94775232e+03, 7.91954407e+02, 2.04979736e+03, 7.89929138e+02,
       2.15206958e+03, 7.87951111e+02, 2.25431177e+03, 7.85876160e+02,
       1.54254919e+03, 9.04100037e+02, 1.64474500e+03, 9.01895630e+02,
       1.74617261e+03, 9.00142151e+02, 1.84844128e+03, 8.98012756e+02,
       1.95004834e+03, 8.96300842e+02, 2.05177295e+03, 8.94278931e+02,
       2.15356470e+03, 8.91965027e+02, 2.25504370e+03, 8.90134583e+02,
       1.54688550e+03, 1.00741174e+03, 1.64866528e+03, 1.00557715e+03,
       1.74989661e+03, 1.00338055e+03, 1.85134521e+03, 1.00143506e+03,
       1.95250952e+03, 9.99707703e+02, 2.05347778e+03, 9.97665039e+02,
       2.15467456e+03, 9.95360107e+02, 2.25582373e+03, 9.93350525e+02,
       1.55150195e+03, 1.10974646e+03, 1.65239270e+03, 1.10746313e+03,
       1.75311865e+03, 1.10553003e+03, 1.85410364e+03, 1.10366089e+03,
       1.95506177e+03, 1.10169580e+03, 2.05544116e+03, 1.09960352e+03,
       2.15599585e+03, 1.09757654e+03, 2.25657764e+03, 1.09552356e+03,
       1.55580261e+03, 1.21077563e+03, 1.65642273e+03, 1.20888171e+03,
       1.75633032e+03, 1.20693274e+03, 1.85707764e+03, 1.20504309e+03,
       1.95721716e+03, 1.20283240e+03, 2.05709521e+03, 1.20090869e+03,
       2.15713623e+03, 1.19877637e+03, 2.25723096e+03, 1.19674548e+03,
       1.55996716e+03, 1.31097217e+03, 1.66009521e+03, 1.30889978e+03,
       1.76001355e+03, 1.30688184e+03, 1.85973047e+03, 1.30475989e+03,
       1.95974182e+03, 1.30283081e+03, 2.05877979e+03, 1.30062134e+03,
       2.15859326e+03, 1.29865356e+03, 2.25819531e+03, 1.29644434e+03 ]
   - [ 5.13491638e+02, 5.29702148e+02, 6.16636475e+02, 5.28156799e+02,
       7.19618469e+02, 5.26778198e+02, 8.22546448e+02, 5.24725525e+02,
       9.25145142e+02, 5.23165161e+02, 1.02793628e+03, 5.22014099e+02,
       1.13044617e+03, 5.19960144e+02, 1.23311194e+03, 5.18329956e+02,
       5.23770386e+02, 6.35710388e+02, 6.26382751e+02, 6.34184204e+02,
       7.28585205e+02, 6.32487854e+02, 8.30865662e+02, 6.30709534e+02,
       9.33053101e+02, 6.29018799e+02, 1.03511230e+03, 6.27052673e+02,
       1.13747705e+03, 6.25521606e+02, 1.23925513e+03, 6.23912659e+02,
       5.33562195e+02, 7.40763794e+02, 6.35649841e+02, 7.39190552e+02,
       7.37473816e+02, 7.37346863e+02, 8.39249573e+02, 7.35773682e+02,
       9.40961243e+02, 7.33835815e+02, 1.04236890e+03, 7.31988831e+02,
       1.14395508e+03, 7.30425659e+02, 1.24536609e+03, 7.28580139e+02,
       5.43244080e+02, 8.44806824e+02, 6.44606262e+02, 8.42395325e+02,
       7.46402710e+02, 8.40952454e+02, 8.47561707e+02, 8.38955322e+02,
       9.48605469e+02, 8.37544617e+02, 1.04962097e+03, 8.35318054e+02,
       1.15066296e+03, 8.33684692e+02, 1.25152466e+03, 8.31981140e+02,
       5.53210022e+02, 9.47299927e+02, 6.54268677e+02, 9.45361816e+02,
       7.54855469e+02, 9.43501038e+02, 8.55880371e+02, 9.41768250e+02,
       9.56336609e+02, 9.39969482e+02, 1.05694946e+03, 9.38204407e+02,
       1.15722583e+03, 9.36145020e+02, 1.25739063e+03, 9.34316528e+02,
       5.62923096e+02, 1.04887219e+03, 6.63013794e+02, 1.04654785e+03,
       7.63671021e+02, 1.04497534e+03, 8.63662903e+02, 1.04312366e+03,
       9.63806885e+02, 1.04127722e+03, 1.06344238e+03, 1.03927979e+03,
       1.16355078e+03, 1.03732385e+03, 1.26328125e+03, 1.03547900e+03 ]
   - [ 7.69862427e+02, 5.33489685e+02, 8.72779602e+02, 5.31802856e+02,
       9.75469543e+02, 5.30176331e+02, 1.07837769e+03, 5.28312500e+02,
       1.18099365e+03, 5.26684021e+02, 1.28315186e+03, 5.24968811e+02,
       1.38565247e+03, 5.23014832e+02, 1.48798706e+03, 5.20995056e+02,
       7.79023560e+02, 6.39889954e+02, 8.80923523e+02, 6.37737000e+02,
       9.83300354e+02, 6.36167908e+02, 1.08562988e+03, 6.34046509e+02,
       1.18739978e+03, 6.32173950e+02, 1.28907507e+03, 6.30721985e+02,
       1.39131580e+03, 6.28767578e+02, 1.49309216e+03, 6.26871216e+02,
       7.87330505e+02, 7.44534607e+02, 8.89110107e+02, 7.42893188e+02,
       9.90666931e+02, 7.40854187e+02, 1.09242908e+03, 7.38905457e+02,
       1.19383569e+03, 7.37176941e+02, 1.29510083e+03, 7.35438477e+02,
       1.39655273e+03, 7.33500061e+02, 1.49773560e+03, 7.31456543e+02,
       7.96004700e+02, 8.48190735e+02, 8.97184998e+02, 8.46208801e+02,
       9.98262146e+02, 8.44550659e+02, 1.09937695e+03, 8.42486389e+02,
       1.20029407e+03, 8.40529053e+02, 1.30074158e+03, 8.38780334e+02,
       1.40198340e+03, 8.36692200e+02, 1.50249988e+03, 8.34933533e+02,
       8.04133911e+02, 9.50573669e+02, 9.05017944e+02, 9.48703186e+02,
       1.00563733e+03, 9.46767273e+02, 1.10622998e+03, 9.45072876e+02,
       1.20680225e+03, 9.43171814e+02, 1.30679773e+03, 9.41169067e+02,
       1.40687634e+03, 9.39348328e+02, 1.50733032e+03, 9.37270325e+02,
       8.12291016e+02, 1.05191614e+03, 9.12593811e+02, 1.05000928e+03,
       1.01271606e+03, 1.04818396e+03, 1.11288135e+03, 1.04631946e+03,
       1.21272217e+03, 1.04454309e+03, 1.31219568e+03, 1.04229993e+03,
       1.41248718e+03, 1.04043164e+03, 1.51216101e+03, 1.03845129e+03 ]
   - [ 1.02722302e+03, 5.36357544e+02, 1.13003662e+03, 5.34633057e+02,
       1.23276062e+03, 5.32913025e+02, 1.33554004e+03, 5.30909851e+02,
       1.43782178e+03, 5.29100830e+02, 1.54012280e+03, 5.27400513e+02,
       1.64248755e+03, 5.25359314e+02, 1.74461340e+03, 5.23462708e+02,
       1.03455518e+03, 6.42335205e+02, 1.13703870e+03, 6.40501404e+02,
       1.23890771e+03, 6.38543762e+02, 1.34124365e+03, 6.36755005e+02,
       1.44299658e+03, 6.34891663e+02, 1.54453259e+03, 6.33111267e+02,
       1.64662439e+03, 6.31246643e+02, 1.74825146e+03, 6.29259033e+02,
       1.04201782e+03, 7.47192688e+02, 1.14364893e+03, 7.45118958e+02,
       1.24517310e+03, 7.43346802e+02, 1.34680359e+03, 7.41568054e+02,
       1.44809973e+03, 7.39621887e+02, 1.54926343e+03, 7.37664246e+02,
       1.65047339e+03, 7.35755798e+02, 1.75165808e+03, 7.34037476e+02,
       1.04899280e+03, 8.50629761e+02, 1.15030432e+03, 8.48752258e+02,
       1.25136340e+03, 8.46842102e+02, 1.35212488e+03, 8.44939331e+02,
       1.45324207e+03, 8.43158447e+02, 1.55349219e+03, 8.41231018e+02,
       1.65441589e+03, 8.39234741e+02, 1.75525098e+03, 8.37145935e+02,
       1.05617236e+03, 9.53199951e+02, 1.15702417e+03, 9.51461731e+02,
       1.25713770e+03, 9.49483276e+02, 1.35799414e+03, 9.47765686e+02,
       1.45815771e+03, 9.45651062e+02, 1.55809021e+03, 9.43880127e+02,
       1.65832922e+03, 9.41731873e+02, 1.75880298e+03, 9.39985535e+02,
       1.06347888e+03, 1.05481738e+03, 1.16338525e+03, 1.05266162e+03,
       1.26329578e+03, 1.05063306e+03, 1.36313123e+03, 1.04887427e+03,
       1.46306128e+03, 1.04703992e+03, 1.56262988e+03, 1.04496741e+03,
       1.66242395e+03, 1.04289526e+03, 1.76201111e+03, 1.04092395e+03 ]
   - [ 1.28211011e+03, 5.38913208e+02, 1.38493433e+03, 5.37071777e+02,
       1.48740637e+03, 5.35457153e+02, 1.59008496e+03, 5.33591492e+02,
       1.69241968e+03, 5.31625854e+02, 1.79461682e+03, 5.29950562e+02,
       1.89701282e+03, 5.27764526e+02, 1.99916797e+03, 5.26067871e+02,
       1.28840308e+03, 6.44841919e+02, 1.39056689e+03, 6.42746094e+02,
       1.49224780e+03, 6.41024353e+02, 1.59466187e+03, 6.39371094e+02,
       1.69641785e+03, 6.37302490e+02, 1.79802490e+03, 6.35593079e+02,
       1.89981946e+03, 6.33594299e+02, 2.00130310e+03, 6.31578735e+02,
       1.29419604e+03, 7.49720520e+02, 1.39584546e+03, 7.47873596e+02,
       1.49708398e+03, 7.45975403e+02, 1.59866211e+03, 7.44139404e+02,
       1.70001025e+03, 7.42295654e+02, 1.80119897e+03, 7.40198242e+02,
       1.90243213e+03, 7.38420349e+02, 2.00341150e+03, 7.36438843e+02,
       1.29997083e+03, 8.53364929e+02, 1.40073901e+03, 8.51402100e+02,
       1.50187769e+03, 8.49440308e+02, 1.60283716e+03, 8.47494141e+02,
       1.70387634e+03, 8.45449341e+02, 1.80415503e+03, 8.43756226e+02,
       1.90505029e+03, 8.41793579e+02, 2.00574463e+03, 8.39570618e+02,
       1.30567847e+03, 9.55909790e+02, 1.40628223e+03, 9.53991394e+02,
       1.50666797e+03, 9.51923706e+02, 1.60708728e+03, 9.50211853e+02,
       1.70761340e+03, 9.48171936e+02, 1.80754773e+03, 9.46229126e+02,
       1.90746399e+03, 9.44261230e+02, 2.00773120e+03, 9.42083984e+02,
       1.31154724e+03, 1.05726843e+03, 1.41133447e+03, 1.05531848e+03,
       1.51129932e+03, 1.05356396e+03, 1.61106445e+03, 1.05130676e+03,
       1.71095251e+03, 1.04962622e+03, 1.81050061e+03, 1.04741772e+03,
       1.91026514e+03, 1.04547192e+03, 2.00984351e+03, 1.04349280e+03 ]
   - [ 1.53990833e+03, 5.42111511e+02, 1.64253723e+03, 5.40065063e+02,
       1.74476025e+03, 5.38388000e+02, 1.84753540e+03, 5.36331421e+02,
       1.94977026e+03, 5.34363647e+02, 2.05212305e+03, 5.32618591e+02,
       2.15418359e+03, 5.30553040e+02, 2.25630933e+03, 5.28680176e+02,
       1.54446802e+03, 6.47596436e+02, 1.64659717e+03, 6.45974792e+02,
       1.74820056e+03, 6.43966125e+02, 1.85036707e+03, 6.41872131e+02,
       1.95215881e+03, 6.40220703e+02, 2.05364600e+03, 6.38352234e+02,
       2.15578491e+03, 6.36542908e+02, 2.25737915e+03, 6.34304993e+02,
       1.54904810e+03, 7.52687500e+02, 1.65059473e+03, 7.50870361e+02,
       1.75198499e+03, 7.48895325e+02, 1.85318799e+03, 7.46817017e+02,
       1.95449854e+03, 7.45279419e+02, 2.05558545e+03, 7.43139465e+02,
       2.15678247e+03, 7.41083496e+02, 2.25785059e+03, 7.39063110e+02,
       1.55351685e+03, 8.56294556e+02, 1.65435291e+03, 8.54281189e+02,
       1.75536169e+03, 8.52383789e+02, 1.85626001e+03, 8.50562256e+02,
       1.95690356e+03, 8.48417542e+02, 2.05737646e+03, 8.46682251e+02,
       2.15809644e+03, 8.44637634e+02, 2.25853491e+03, 8.42466919e+02,
       1.55778381e+03, 9.58976624e+02, 1.65846399e+03, 9.56911438e+02,
       1.75861157e+03, 9.55020447e+02, 1.85923584e+03, 9.53058716e+02,
       1.95929773e+03, 9.51114685e+02, 2.05917944e+03, 9.49208069e+02,
       2.15927734e+03, 9.47224060e+02, 2.25947949e+03, 9.45102600e+02,
       1.56222327e+03, 1.06018359e+03, 1.66216345e+03, 1.05828967e+03,
       1.76190088e+03, 1.05645178e+03, 1.86202063e+03, 1.05436023e+03,
       1.96137842e+03, 1.05241614e+03, 2.06093335e+03, 1.05036877e+03,
       2.16069849e+03, 1.04831555e+03, 2.26010913e+03, 1.04644690e+03 ]
   - [ 5.14686584e+02, 2.72124115e+02, 6.18078430e+02, 2.70834625e+02,
       7.21097839e+02, 2.69207031e+02, 8.24124573e+02, 2.67952820e+02,
       9.27173279e+02, 2.66358826e+02, 1.02970435e+03, 2.65103363e+02,
       1.13232031e+03, 2.63000641e+02, 1.23464600e+03, 2.61140411e+02,
       5.25209534e+02, 3.79550354e+02, 6.27957336e+02, 3.78328217e+02,
       7.30267761e+02, 3.76677856e+02, 8.32746399e+02, 3.75001099e+02,
       9.35181519e+02, 3.74058472e+02, 1.03691516e+03, 3.71857544e+02,
       1.13931714e+03, 3.70291504e+02, 1.24124475e+03, 3.68662292e+02,
       5.35268066e+02, 4.86416412e+02, 6.37284668e+02, 4.84725250e+02,
       7.39145874e+02, 4.83070892e+02, 8.41424133e+02, 4.81705292e+02,
       9.42807495e+02, 4.79948975e+02, 1.04442029e+03, 4.78462036e+02,
       1.14593555e+03, 4.76534729e+02, 1.24745984e+03, 4.74783203e+02,
       5.45067017e+02, 5.91758545e+02, 6.46683105e+02, 5.89766724e+02,
       7.48148254e+02, 5.88329529e+02, 8.49412415e+02, 5.86364746e+02,
       9.50618469e+02, 5.84770569e+02, 1.05151074e+03, 5.83199036e+02,
       1.15250720e+03, 5.81409729e+02, 1.25363733e+03, 5.79549438e+02,
       5.55485840e+02, 6.95633789e+02, 6.56357727e+02, 6.94024353e+02,
       7.56974304e+02, 6.92048279e+02, 8.57674561e+02, 6.90610779e+02,
       9.58266113e+02, 6.88884644e+02, 1.05864697e+03, 6.87120422e+02,
       1.15916748e+03, 6.85167358e+02, 1.25960535e+03, 6.83508423e+02,
       5.64826416e+02, 7.98479858e+02, 6.65249695e+02, 7.96660461e+02,
       7.65272095e+02, 7.94769775e+02, 8.66088440e+02, 7.93163757e+02,
       9.65804138e+02, 7.91496216e+02, 1.06559375e+03, 7.89547974e+02,
       1.16574402e+03, 7.88025513e+02, 1.26537378e+03, 7.85982056e+02 ]
   - [ 7.71645691e+02, 2.76751160e+02, 8.74620667e+02, 2.74928986e+02,
       9.77225952e+02, 2.73139374e+02, 1.08018506e+03, 2.71604034e+02,
       1.18288232e+03, 2.69785767e+02, 1.28510083e+03, 2.68231873e+02,
       1.38774402e+03, 2.66503876e+02, 1.49021765e+03, 2.64840302e+02,
       7.80369568e+02, 3.83970703e+02, 8.83025330e+02, 3.82276428e+02,
       9.85081970e+02, 3.80149139e+02, 1.08741467e+03, 3.78846832e+02,
       1.18975208e+03, 3.77567902e+02, 1.29139709e+03, 3.75364563e+02,
       1.39342737e+03, 3.73662170e+02, 1.49526990e+03, 3.71924316e+02,
       7.89345642e+02, 4.90271454e+02, 8.91296387e+02, 4.88861572e+02,
       9.92748657e+02, 4.87008606e+02, 1.09447009e+03, 4.85199677e+02,
       1.19606177e+03, 4.83544403e+02, 1.29727246e+03, 4.81616699e+02,
       1.39862366e+03, 4.79788605e+02, 1.49997327e+03, 4.77961334e+02,
       7.97973145e+02, 5.95598572e+02, 8.99109192e+02, 5.93518127e+02,
       9.99941406e+02, 5.92059875e+02, 1.10125220e+03, 5.89838196e+02,
       1.20223462e+03, 5.88146484e+02, 1.30311255e+03, 5.86617615e+02,
       1.40404224e+03, 5.84789429e+02, 1.50468408e+03, 5.82677551e+02,
       8.06273621e+02, 6.99458557e+02, 9.07342163e+02, 6.97874817e+02,
       1.00769330e+03, 6.95852295e+02, 1.10801123e+03, 6.94126221e+02,
       1.20887659e+03, 6.92281921e+02, 1.30902124e+03, 6.90401428e+02,
       1.40957446e+03, 6.88624146e+02, 1.50969641e+03, 6.86422729e+02,
       8.14773376e+02, 8.02278320e+02, 9.15159485e+02, 8.00132996e+02,
       1.01478821e+03, 7.98752808e+02, 1.11519592e+03, 7.96755493e+02,
       1.21520337e+03, 7.94766357e+02, 1.31464746e+03, 7.92939941e+02,
       1.41450867e+03, 7.91102844e+02, 1.51425598e+03, 7.89252991e+02 ]
   - [ 1.02911035e+03, 2.79692596e+02, 1.13193909e+03, 2.77840118e+02,
       1.23458984e+03, 2.75915161e+02, 1.33743115e+03, 2.74371155e+02,
       1.43968408e+03, 2.72487274e+02, 1.54213196e+03, 2.70951447e+02,
       1.64432507e+03, 2.68853180e+02, 1.74675195e+03, 2.67123871e+02,
       1.03679895e+03, 3.86881042e+02, 1.13879041e+03, 3.84984711e+02,
       1.24104871e+03, 3.83364349e+02, 1.34313770e+03, 3.81458374e+02,
       1.44521973e+03, 3.79972321e+02, 1.54678809e+03, 3.78244995e+02,
       1.64882117e+03, 3.76172363e+02, 1.75053076e+03, 3.74235626e+02,
       1.04398975e+03, 4.93191284e+02, 1.14587317e+03, 4.91200806e+02,
       1.24706116e+03, 4.89678589e+02, 1.34891809e+03, 4.87636383e+02,
       1.45012891e+03, 4.86043365e+02, 1.55148499e+03, 4.84346344e+02,
       1.65265906e+03, 4.82467926e+02, 1.75369983e+03, 4.80557251e+02,
       1.05128589e+03, 5.98091736e+02, 1.15246631e+03, 5.96141418e+02,
       1.25318835e+03, 5.94619446e+02, 1.35430396e+03, 5.92769958e+02,
       1.45520679e+03, 5.90864868e+02, 1.55573608e+03, 5.89068542e+02,
       1.65677319e+03, 5.87264343e+02, 1.75719446e+03, 5.85316711e+02,
       1.05837219e+03, 7.02141113e+02, 1.15896692e+03, 7.00466858e+02,
       1.25933374e+03, 6.98438110e+02, 1.35993799e+03, 6.96512329e+02,
       1.46017151e+03, 6.94886841e+02, 1.56044922e+03, 6.92947937e+02,
       1.66074573e+03, 6.91147339e+02, 1.76095886e+03, 6.89230530e+02,
       1.06529749e+03, 8.04864075e+02, 1.16549658e+03, 8.03046448e+02,
       1.26539807e+03, 8.01225037e+02, 1.36524609e+03, 7.99367065e+02,
       1.46516907e+03, 7.97321045e+02, 1.56478870e+03, 7.95624390e+02,
       1.66454163e+03, 7.93897400e+02, 1.76429810e+03, 7.91714478e+02 ]
   - [ 1.28400757e+03, 2.82157623e+02, 1.38674243e+03, 2.80134521e+02,
       1.48931616e+03, 2.78324493e+02, 1.59186499e+03, 2.76559753e+02,
       1.69440881e+03, 2.75070343e+02, 1.79638074e+03, 2.73135345e+02,
       1.89884717e+03, 2.71363556e+02, 2.00096777e+03, 2.69688904e+02,
       1.29007129e+03, 3.89487549e+02, 1.39223718e+03, 3.87760681e+02,
       1.49421533e+03, 3.85933655e+02, 1.59633032e+03, 3.84258484e+02,
       1.69822449e+03, 3.82236420e+02, 1.79984424e+03, 3.80194092e+02,
       1.90167334e+03, 3.78699707e+02, 2.00333496e+03, 3.76808258e+02,
       1.29595703e+03, 4.95803070e+02, 1.39765955e+03, 4.93716827e+02,
       1.49906262e+03, 4.92146027e+02, 1.60058142e+03, 4.90352478e+02,
       1.70204675e+03, 4.88604492e+02, 1.80312866e+03, 4.86871613e+02,
       1.90431079e+03, 4.84761200e+02, 2.00552014e+03, 4.82970551e+02,
       1.30200793e+03, 6.00852783e+02, 1.40297290e+03, 5.99101990e+02,
       1.50368909e+03, 5.97208008e+02, 1.60482935e+03, 5.95259583e+02,
       1.70551746e+03, 5.93612549e+02, 1.80628125e+03, 5.91566772e+02,
       1.90693201e+03, 5.89627502e+02, 2.00757434e+03, 5.87721680e+02,
       1.30768567e+03, 7.04846924e+02, 1.40825378e+03, 7.02907410e+02,
       1.50857227e+03, 7.01141418e+02, 1.60915698e+03, 6.99275452e+02,
       1.70945496e+03, 6.97371277e+02, 1.80942517e+03, 6.95747131e+02,
       1.90953101e+03, 6.93704895e+02, 2.00978003e+03, 6.91682800e+02,
       1.31356494e+03, 8.07720703e+02, 1.41342249e+03, 8.05670654e+02,
       1.51328894e+03, 8.03585083e+02, 1.61351514e+03, 8.01934265e+02,
       1.71306360e+03, 8.00113708e+02, 1.81244324e+03, 7.98181274e+02,
       1.91215186e+03, 7.96199036e+02, 2.01182532e+03, 7.94276917e+02 ]
   - [ 1.54133301e+03, 2.85223572e+02, 1.64394470e+03, 2.83054016e+02,
       1.74639868e+03, 2.81330048e+02, 1.84922742e+03, 2.79764893e+02,
       1.95157300e+03, 2.77740112e+02, 2.05356567e+03, 2.75736603e+02,
       2.15594629e+03, 2.74091797e+02, 2.25830981e+03, 2.72167786e+02,
       1.54611707e+03, 3.92575195e+02, 1.64818127e+03, 3.90667419e+02,
       1.75007690e+03, 3.88913025e+02, 1.85189380e+03, 3.86900269e+02,
       1.95380652e+03, 3.84949646e+02, 2.05547974e+03, 3.82987396e+02,
       2.15721094e+03, 3.81185760e+02, 2.25888892e+03, 3.79431122e+02,
       1.55051599e+03, 4.98754303e+02, 1.65214380e+03, 4.96764801e+02,
       1.75336426e+03, 4.94964508e+02, 1.85504187e+03, 4.93329773e+02,
       1.95622668e+03, 4.91335815e+02, 2.05744043e+03, 4.89474091e+02,
       2.15842310e+03, 4.87353546e+02, 2.25969214e+03, 4.85558899e+02,
       1.55488342e+03, 6.03779907e+02, 1.65606311e+03, 6.01792358e+02,
       1.75677844e+03, 6.00191956e+02, 1.85782312e+03, 5.98240723e+02,
       1.95857031e+03, 5.96310486e+02, 2.05901685e+03, 5.94390625e+02,
       2.15981104e+03, 5.92457275e+02, 2.26031494e+03, 5.90603638e+02,
       1.55961487e+03, 7.07786194e+02, 1.65994397e+03, 7.05928345e+02,
       1.76015735e+03, 7.03828796e+02, 1.86071423e+03, 7.02090576e+02,
       1.96087695e+03, 7.00213013e+02, 2.06093335e+03, 6.98282288e+02,
       2.16103174e+03, 6.96343628e+02, 2.26121973e+03, 6.94498657e+02,
       1.56382849e+03, 8.10694458e+02, 1.66385706e+03, 8.08602112e+02,
       1.76350183e+03, 8.06617004e+02, 1.86350122e+03, 8.04716370e+02,
       1.96316675e+03, 8.03048950e+02, 2.06267188e+03, 8.01018799e+02,
       2.16241968e+03, 7.99058899e+02, 2.26199634e+03, 7.96874512e+02 ]
