%YAML:1.0
---
object_points:
   - [ 0., 0., 0., 1.99999996e-02, 0., 0., 3.99999991e-02, 0., 0.,
       5.99999987e-02, 0., 0., 7.99999982e-02, 0., 0., 9.99999940e-02,
       0., 0., 1.19999997e-01, 0., 0., 1.40000001e-01, 0., 0., 0.,
       1.99999996e-02, 0., 1.99999996e-02, 1.99999996e-02, 0.,
       3.99999991e-02, 1.99999996e-02, 0., 5.99999987e-02,
       1.99999996e-02, 0., 7.99999982e-02, 1.99999996e-02, 0.,
       9.99999940e-02, 1.99999996e-02, 0., 1.19999997e-01,
       1.99999996e-02, 0., 1.40000001e-01, 1.99999996e-02, 0., 0.,
       3.99999991e-02, 0., 1.99999996e-02, 3.99999991e-02, 0.,
       3.99999991e-02, 3.99999991e-02, 0., 5.99999987e-02,
       3.99999991e-02, 0., 7.99999982e-02, 3.99999991e-02, 0.,
       9.99999940e-02, 3.99999991e-02, 0., 1.19999997e-01,
       3.99999991e-02, 0., 1.40000001e-01, 3.99999991e-02, 0., 0.,
       5.99999987e-02, 0., 1.99999996e-02, 5.99999987e-02, 0.,
       3.99999991e-02, 5.99999987e-02, 0., 5.99999987e-02,
       5.99999987e-02, 0., 7.99999982e-02, 5.99999987e-02, 0.,
       9.99999940e-02, 5.99999987e-02, 0., 1.19999997e-01,
       5.99999987e-02, 0., 1.40000001e-01, 5.99999987e-02, 0., 0.,
       7.99999982e-02, 0., 1.99999996e-02, 7.99999982e-02, 0.,
       3.99999991e-02, 7.99999982e-02, 0., 5.99999987e-02,
       7.99999982e-02, 0., 7.99999982e-02, 7.99999982e-02, 0.,
       9.99999940e-02, 7.99999982e-02, 0., 1.19999997e-01,
       7.99999982e-02, 0., 1.40000001e-01, 7.99999982e-02, 0., 0.,
       9.99999940e-02, 0., 1.99999996e-02, 9.99999940e-02, 0.,
       3.99999991e-02, 9.99999940e-02, 0., 5.99999987e-02,
       9.99999940e-02, 0., 7.99999982e-02, 9.99999940e-02, 0.,
       9.99999940e-02, 9.99999940e-02, 0., 1.19999997e-01,
       9.99999940e-02, 0., 1.40000001e-01, 9.99999940e-02, 0. ]
   - [ 0., 0., 0., 1.99999996e-02, 0., 0., 3.99999991e-02, 0., 0.,
       5.99999987e-02, 0., 0., 7.99999982e-02, 0., 0., 9.99999940e-02,
       0., 0., 1.19999997e-01, 0., 0., 1.40000001e-01, 0., 0., 0.,
       1.99999996e-02, 0., 1.99999996e-02, 1.99999996e-02, 0.,
       3.99999991e-02, 1.99999996e-02, 0., 5.99999987e-02,
       1.99999996e-02, 0., 7.99999982e-02, 1.99999996e-02, 0.,
       9.99999940e-02, 1.99999996e-02, 0., 1.19999997e-01,
       1.99999996e-02, 0., 1.40000001e-01, 1.99999996e-02, 0., 0.,
       3.99999991e-02, 0., 1.99999996e-02, 3.99999991e-02, 0.,
       3.99999991e-02, 3.99999991e-02, 0., 5.99999987e-02,
       3.99999991e-02, 0., 7.99999982e-02, 3.99999991e-02, 0.,
       9.99999940e-02, 3.99999991e-02, 0., 1.19999997e-01,
       3.99999991e-02, 0., 1.40000001e-01, 3.99999991e-02, 0., 0.,
       5.99999987e-02, 0., 1.99999996e-02, 5.99999987e-02, 0.,
       3.99999991e-02, 5.99999987e-02, 0., 5.99999987e-02,
       5.99999987e-02, 0., 7.99999982e-02, 5.99999987e-02, 0.,
       9.99999940e-02, 5.99999987e-02, 0., 1.19999997e-01,
       5.99999987e-02, 0., 1.40000001e-01, 5.99999987e-02, 0., 0.,
       7.99999982e-02, 0., 1.99999996e-02, 7.99999982e-02, 0.,
       3.99999991e-02, 7.99999982e-02, 0., 5.99999987e-02,
       7.99999982e-02, 0., 7.99999982e-02, 7.99999982e-02, 0.,
       9.99999940e-02, 7.99999982e-02, 0., 1.19999997e-01,
       7.99999982e-02, 0., 1.40000001e-01, 7.99999982e-02, 0., 0.,
       9.99999940e-02, 0., 1.99999996e-02, 9.99999940e-02, 0.,
       3.99999991e-02, 9.99999940e-02, 0., 5.99999987e-02,
       9.99999940e-02, 0., 7.99999982e-02, 9.99999940e-02, 0.,
       9.99999940e-02, 9.99999940e-02, 0., 1.19999997e-01,
       9.99999940e-02, 0., 1.40000001e-01, 9.99999940e-02, 0. ]
   - [ 0., 0., 0., 1.99999996e-02, 0., 0., 3.99999991e-02, 0., 0.,
       5.99999987e-02, 0., 0., 7.99999982e-02, 0., 0., 9.99999940e-02,
       0., 0., 1.19999997e-01, 0., 0., 1.40000001e-01, 0., 0., 0.,
       1.99999996e-02, 0., 1.99999996e-02, 1.99999996e-02, 0.,
       3.99999991e-02, 1.99999996e-02, 0., 5.99999987e-02,
       1.99999996e-02, 0., 7.99999982e-02, 1.99999996e-02, 0.,
       9.99999940e-02, 1.99999996e-02, 0., 1.19999997e-01,
       1.99999996e-02, 0., 1.40000001e-01, 1.99999996e-02, 0., 0.,
       3.99999991e-02, 0., 1.99999996e-02, 3.99999991e-02, 0.,
       3.99999991e-02, 3.99999991e-02, 0., 5.99999987e-02,
       3.99999991e-02, 0., 7.99999982e-02, 3.99999991e-02, 0.,
       9.99999940e-02, 3.99999991e-02, 0., 1.19999997e-01,
       3.99999991e-02, 0., 1.40000001e-01, 3.99999991e-02, 0., 0.,
       5.99999987e-02, 0., 1.99999996e-02, 5.99999987e-02, 0.,
       3.99999991e-02, 5.99999987e-02, 0., 5.99999987e-02,
       5.99999987e-02, 0., 7.99999982e-02, 5.99999987e-02, 0.,
       9.99999940e-02, 5.99999987e-02, 0., 1.19999997e-01,
       5.99999987e-02, 0., 1.40000001e-01, 5.99999987e-02, 0., 0.,
       7.99999982e-02, 0., 1.99999996e-02, 7.99999982e-02, 0.,
       3.99999991e-02, 7.99999982e-02, 0., 5.99999987e-02,
       7.99999982e-02, 0., 7.99999982e-02, 7.99999982e-02, 0.,
       9.99999940e-02, 7.99999982e-02, 0., 1.19999997e-01,
       7.99999982e-02, 0., 1.40000001e-01, 7.99999982e-02, 0., 0.,
       9.99999940e-02, 0., 1.99999996e-02, 9.99999940e-02, 0.,
       3.99999991e-02, 9.99999940e-02, 0., 5.99999987e-02,
       9.99999940e-02, 0., 7.99999982e-02, 9.99999940e-02, 0.,
       9.99999940e-02, 9.99999940e-02, 0., 1.19999997e-01,
       9.99999940e-02, 0., 1.40000001e-01, 9.99999940e-02, 0. ]
   - [ 0., 0., 0., 1.99999996e-02, 0., 0., 3.99999991e-02, 0., 0.,
       5.99999987e-02, 0., 0., 7.99999982e-02, 0., 0., 9.99999940e-02,
       0., 0., 1.19999997e-01, 0., 0., 1.40000001e-01, 0., 0., 0.,
       1.99999996e-02, 0., 1.99999996e-02, 1.99999996e-02, 0.,
       3.99999991e-02, 1.99999996e-02, 0., 5.99999987e-02,
       1.99999996e-02, 0., 7.99999982e-02, 1.99999996e-02, 0.,
       9.99999940e-02, 1.99999996e-02, 0., 1.19999997e-01,
       1.99999996e-02, 0., 1.40000001e-01, 1.99999996e-02, 0., 0.,
       3.99999991e-02, 0., 1.99999996e-02, 3.99999991e-02, 0.,
       3.99999991e-02, 3.99999991e-02, 0., 5.99999987e-02,
       3.99999991e-02, 0., 7.99999982e-02, 3.99999991e-02, 0.,
       9.99999940e-02, 3.99999991e-02, 0., 1.19999997e-01,
       3.99999991e-02, 0., 1.40000001e-01, 3.99999991e-02, 0., 0.,
       5.99999987e-02, 0., 1.99999996e-02, 5.99999987e-02, 0.,
       3.99999991e-02, 5.99999987e-02, 0., 5.99999987e-02,
       5.99999987e-02, 0., 7.99999982e-02, 5.99999987e-02, 0.,
       9.99999940e-02, 5.99999987e-02, 0., 1.19999997e-01,
       5.99999987e-02, 0., 1.40000001e-01, 5.99999987e-02, 0., 0.,
       7.99999982e-02, 0., 1.99999996e-02, 7.99999982e-02, 0.,
       3.99999991e-02, 7.99999982e-02, 0., 5.99999987e-02,
       7.99999982e-02, 0., 7.99999982e-02, 7.99999982e-02, 0.,
       9.99999940e-02, 7.99999982e-02, 0., 1.19999997e-01,
       7.99999982e-02, 0., 1.40000001e-01, 7.99999982e-02, 0., 0.,
       9.99999940e-02, 0., 1.99999996e-02, 9.99999940e-02, 0.,
       3.99999991e-02, 9.99999940e-02, 0., 5.99999987e-02,
       9.99999940e-02, 0., 7.99999982e-02, 9.99999940e-02, 0.,
       9.99999940e-02, 9.99999940e-02, 0., 1.19999997e-01,
       9.99999940e-02, 0., 1.40000001e-01, 9.99999940e-02, 0. ]
   - [ 0., 0., 0., 1.99999996e-02, 0., 0., 3.99999991e-02, 0., 0.,
       5.99999987e-02, 0., 0., 7.99999982e-02, 0., 0., 9.99999940e-02,
       0., 0., 1.19999997e-01, 0., 0., 1.40000001e-01, 0., 0., 0.,
       1.99999996e-02, 0., 1.99999996e-02, 1.99999996e-02, 0.,
       3.99999991e-02, 1.99999996e-02, 0., 5.99999987e-02,
       1.99999996e-02, 0., 7.99999982e-02, 1.99999996e-02, 0.,
       9.99999940e-02, 1.99999996e-02, 0., 1.19999997e-01,
       1.99999996e-02, 0., 1.40000001e-01, 1.99999996e-02, 0., 0.,
       3.99999991e-02, 0., 1.99999996e-02, 3.99999991e-02, 0.,
       3.99999991e-02, 3.99999991e-02, 0., 5.99999987e-02,
       3.99999991e-02, 0., 7.99999982e-02, 3.99999991e-02, 0.,
       9.99999940e-02, 3.99999991e-02, 0., 1.19999997e-01,
       3.99999991e-02, 0., 1.40000001e-01, 3.99999991e-02, 0., 0.,
       5.99999987e-02, 0., 1.99999996e-02, 5.99999987e-02, 0.,
       3.99999991e-02, 5.99999987e-02, 0., 5.99999987e-02,
       5.99999987e-02, 0., 7.99999982e-02, 5.99999987e-02, 0.,
       9.99999940e-02, 5.99999987e-02, 0., 1.19999997e-01,
       5.99999987e-02, 0., 1.40000001e-01, 5.99999987e-02, 0., 0.,
       7.99999982e-02, 0., 1.99999996e-02, 7.99999982e-02, 0.,
       3.99999991e-02, 7.99999982e-02, 0., 5.99999987e-02,
       7.99999982e-02, 0., 7.99999982e-02, 7.99999982e-02, 0.,
       9.99999940e-02, 7.99999982e-02, 0., 1.19999997e-01,
       7.99999982e-02, 0., 1.40000001e-01, 7.99999982e-02, 0., 0.,
       9.99999940e-02, 0., 1.99999996e-02, 9.99999940e-02, 0.,
       3.99999991e-02, 9.99999940e-02, 0., 5.99999987e-02,
       9.99999940e-02, 0., 7.99999982e-02, 9.99999940e-02, 0.,
       9.99999940e-02, 9.99999940e-02, 0., 1.19999997e-01,
       9.99999940e-02, 0., 1.40000001e-01, 9.99999940e-02, 0. ]
   - [ 0., 0., 0., 1.99999996e-02, 0., 0., 3.99999991e-02, 0., 0.,
       5.99999987e-02, 0., 0., 7.99999982e-02, 0., 0., 9.99999940e-02,
       0., 0., 1.19999997e-01, 0., 0., 1.40000001e-01, 0., 0., 0.,
       1.99999996e-02, 0., 1.99999996e-02, 1.99999996e-02, 0.,
       3.99999991e-02, 1.99999996e-02, 0., 5.99999987e-02,
       1.99999996e-02, 0., 7.99999982e-02, 1.99999996e-02, 0.,
       9.99999940e-02, 1.99999996e-02, 0., 1.19999997e-01,
       1.99999996e-02, 0., 1.40000001e-01, 1.99999996e-02, 0., 0.,
       3.99999991e-02, 0., 1.99999996e-02, 3.99999991e-02, 0.,
       3.99999991e-02, 3.99999991e-02, 0., 5.99999987e-02,
       3.99999991e-02, 0., 7.99999982e-02, 3.99999991e-02, 0.,
       9.99999940e-02, 3.99999991e-02, 0., 1.19999997e-01,
       3.99999991e-02, 0., 1.40000001e-01, 3.99999991e-02, 0., 0.,
       5.99999987e-02, 0., 1.99999996e-02, 5.99999987e-02, 0.,
       3.99999991e-02, 5.99999987e-02, 0., 5.99999987e-02,
       5.99999987e-02, 0., 7.99999982e-02, 5.99999987e-02, 0.,
       9.99999940e-02, 5.99999987e-02, 0., 1.19999997e-01,
       5.99999987e-02, 0., 1.40000001e-01, 5.99999987e-02, 0., 0.,
       7.99999982e-02, 0., 1.99999996e-02, 7.99999982e-02, 0.,
       3.99999991e-02, 7.99999982e-02, 0., 5.99999987e-02,
       7.99999982e-02, 0., 7.99999982e-02, 7.99999982e-02, 0.,
       9.99999940e-02, 7.99999982e-02, 0., 1.19999997e-01,
       7.99999982e-02, 0., 1.40000001e-01, 7.99999982e-02, 0., 0.,
       9.99999940e-02, 0., 1.99999996e-02, 9.99999940e-02, 0.,
       3.99999991e-02, 9.99999940e-02, 0., 5.99999987e-02,
       9.99999940e-02, 0., 7.99999982e-02, 9.99999940e-02, 0.,
       9.99999940e-02, 9.99999940e-02, 0., 1.19999997e-01,
       9.99999940e-02, 0., 1.40000001e-01, 9.99999940e-02, 0. ]
   - [ 0., 0., 0., 1.99999996e-02, 0., 0., 3.99999991e-02, 0., 0.,
       5.99999987e-02, 0., 0., 7.99999982e-02, 0., 0., 9.99999940e-02,
       0., 0., 1.19999997e-01, 0., 0., 1.40000001e-01, 0., 0., 0.,
       1.99999996e-02, 0., 1.99999996e-02, 1.99999996e-02, 0.,
       3.99999991e-02, 1.99999996e-02, 0., 5.99999987e-02,
       1.99999996e-02, 0., 7.99999982e-02, 1.99999996e-02, 0.,
       9.99999940e-02, 1.99999996e-02, 0., 1.19999997e-01,
       1.99999996e-02, 0., 1.40000001e-01, 1.99999996e-02, 0., 0.,
       3.99999991e-02, 0., 1.99999996e-02, 3.99999991e-02, 0.,
       3.99999991e-02, 3.99999991e-02, 0., 5.99999987e-02,
       3.99999991e-02, 0., 7.99999982e-02, 3.99999991e-02, 0.,
       9.99999940e-02, 3.99999991e-02, 0., 1.19999997e-01,
       3.99999991e-02, 0., 1.40000001e-01, 3.99999991e-02, 0., 0.,
       5.99999987e-02, 0., 1.99999996e-02, 5.99999987e-02, 0.,
       3.99999991e-02, 5.99999987e-02, 0., 5.99999987e-02,
       5.99999987e-02, 0., 7.99999982e-02, 5.99999987e-02, 0.,
       9.99999940e-02, 5.99999987e-02, 0., 1.19999997e-01,
       5.99999987e-02, 0., 1.40000001e-01, 5.99999987e-02, 0., 0.,
       7.99999982e-02, 0., 1.99999996e-02, 7.99999982e-02, 0.,
       3.99999991e-02, 7.99999982e-02, 0., 5.99999987e-02,
       7.99999982e-02, 0., 7.99999982e-02, 7.99999982e-02, 0.,
       9.99999940e-02, 7.99999982e-02, 0., 1.19999997e-01,
       7.99999982e-02, 0., 1.40000001e-01, 7.99999982e-02, 0., 0.,
       9.99999940e-02, 0., 1.99999996e-02, 9.99999940e-02, 0.,
       3.99999991e-02, 9.99999940e-02, 0., 5.99999987e-02,
       9.99999940e-02, 0., 7.99999982e-02, 9.99999940e-02, 0.,
       9.99999940e-02, 9.99999940e-02, 0., 1.19999997e-01,
       9.99999940e-02, 0., 1.40000001e-01, 9.99999940e-02, 0. ]
   - [ 0., 0., 0., 1.99999996e-02, 0., 0., 3.99999991e-02, 0., 0.,
       5.99999987e-02, 0., 0., 7.99999982e-02, 0., 0., 9.99999940e-02,
       0., 0., 1.19999997e-01, 0., 0., 1.40000001e-01, 0., 0., 0.,
       1.99999996e-02, 0., 1.99999996e-02, 1.99999996e-02, 0.,
       3.99999991e-02, 1.99999996e-02, 0., 5.99999987e-02,
       1.99999996e-02, 0., 7.99999982e-02, 1.99999996e-02, 0.,
       9.99999940e-02, 1.99999996e-02, 0., 1.19999997e-01,
       1.99999996e-02, 0., 1.40000001e-01, 1.99999996e-02, 0., 0.,
       3.99999991e-02, 0., 1.99999996e-02, 3.99999991e-02, 0.,
       3.99999991e-02, 3.99999991e-02, 0., 5.99999987e-02,
       3.99999991e-02, 0., 7.99999982e-02, 3.99999991e-02, 0.,
       9.99999940e-02, 3.99999991e-02, 0., 1.19999997e-01,
       3.99999991e-02, 0., 1.40000001e-01, 3.99999991e-02, 0., 0.,
       5.99999987e-02, 0., 1.99999996e-02, 5.99999987e-02, 0.,
       3.99999991e-02, 5.99999987e-02, 0., 5.99999987e-02,
       5.99999987e-02, 0., 7.99999982e-02, 5.99999987e-02, 0.,
       9.99999940e-02, 5.99999987e-02, 0., 1.19999997e-01,
       5.99999987e-02, 0., 1.40000001e-01, 5.99999987e-02, 0., 0.,
       7.99999982e-02, 0., 1.99999996e-02, 7.99999982e-02, 0.,
       3.99999991e-02, 7.99999982e-02, 0., 5.99999987e-02,
       7.99999982e-02, 0., 7.99999982e-02, 7.99999982e-02, 0.,
       9.99999940e-02, 7.99999982e-02, 0., 1.19999997e-01,
       7.99999982e-02, 0., 1.40000001e-01, 7.99999982e-02, 0., 0.,
       9.99999940e-02, 0., 1.99999996e-02, 9.99999940e-02, 0.,
       3.99999991e-02, 9.99999940e-02, 0., 5.99999987e-02,
       9.99999940e-02, 0., 7.99999982e-02, 9.99999940e-02, 0.,
       9.99999940e-02, 9.99999940e-02, 0., 1.19999997e-01,
       9.99999940e-02, 0., 1.40000001e-01, 9.99999940e-02, 0. ]
   - [ 0., 0., 0., 1.99999996e-02, 0., 0., 3.99999991e-02, 0., 0.,
       5.99999987e-02, 0., 0., 7.99999982e-02, 0., 0., 9.99999940e-02,
       0., 0., 1.19999997e-01, 0., 0., 1.40000001e-01, 0., 0., 0.,
       1.99999996e-02, 0., 1.99999996e-02, 1.99999996e-02, 0.,
       3.99999991e-02, 1.99999996e-02, 0., 5.99999987e-02,
       1.99999996e-02, 0., 7.99999982e-02, 1.99999996e-02, 0.,
       9.99999940e-02, 1.99999996e-02, 0., 1.19999997e-01,
       1.99999996e-02, 0., 1.40000001e-01, 1.99999996e-02, 0., 0.,
       3.99999991e-02, 0., 1.99999996e-02, 3.99999991e-02, 0.,
       3.99999991e-02, 3.99999991e-02, 0., 5.99999987e-02,
       3.99999991e-02, 0., 7.99999982e-02, 3.99999991e-02, 0.,
       9.99999940e-02, 3.99999991e-02, 0., 1.19999997e-01,
       3.99999991e-02, 0., 1.40000001e-01, 3.99999991e-02, 0., 0.,
       5.99999987e-02, 0., 1.99999996e-02, 5.99999987e-02, 0.,
       3.99999991e-02, 5.99999987e-02, 0., 5.99999987e-02,
       5.99999987e-02, 0., 7.99999982e-02, 5.99999987e-02, 0.,
       9.99999940e-02, 5.99999987e-02, 0., 1.19999997e-01,
       5.99999987e-02, 0., 1.40000001e-01, 5.99999987e-02, 0., 0.,
       7.99999982e-02, 0., 1.99999996e-02, 7.99999982e-02, 0.,
       3.99999991e-02, 7.99999982e-02, 0., 5.99999987e-02,
       7.99999982e-02, 0., 7.99999982e-02, 7.99999982e-02, 0.,
       9.99999940e-02, 7.99999982e-02, 0., 1.19999997e-01,
       7.99999982e-02, 0., 1.40000001e-01, 7.99999982e-02, 0., 0.,
       9.99999940e-02, 0., 1.99999996e-02, 9.99999940e-02, 0.,
       3.99999991e-02, 9.99999940e-02, 0., 5.99999987e-02,
       9.99999940e-02, 0., 7.99999982e-02, 9.99999940e-02, 0.,
       9.99999940e-02, 9.99999940e-02, 0., 1.19999997e-01,
       9.99999940e-02, 0., 1.40000001e-01, 9.99999940e-02, 0. ]
   - [ 0., 0., 0., 1.99999996e-02, 0., 0., 3.99999991e-02, 0., 0.,
       5.99999987e-02, 0., 0., 7.99999982e-02, 0., 0., 9.99999940e-02,
       0., 0., 1.19999997e-01, 0., 0., 1.40000001e-01, 0., 0., 0.,
       1.99999996e-02, 0., 1.99999996e-02, 1.99999996e-02, 0.,
       3.99999991e-02, 1.99999996e-02, 0., 5.99999987e-02,
       1.99999996e-02, 0., 7.99999982e-02, 1.99999996e-02, 0.,
       9.99999940e-02, 1.99999996e-02, 0., 1.19999997e-01,
       1.99999996e-02, 0., 1.40000001e-01, 1.99999996e-02, 0., 0.,
       3.99999991e-02, 0., 1.99999996e-02, 3.99999991e-02, 0.,
       3.99999991e-02, 3.99999991e-02, 0., 5.99999987e-02,
       3.99999991e-02, 0., 7.99999982e-02, 3.99999991e-02, 0.,
       9.99999940e-02, 3.99999991e-02, 0., 1.19999997e-01,
       3.99999991e-02, 0., 1.40000001e-01, 3.99999991e-02, 0., 0.,
       5.99999987e-02, 0., 1.99999996e-02, 5.99999987e-02, 0.,
       3.99999991e-02, 5.99999987e-02, 0., 5.99999987e-02,
       5.99999987e-02, 0., 7.99999982e-02, 5.99999987e-02, 0.,
       9.99999940e-02, 5.99999987e-02, 0., 1.19999997e-01,
       5.99999987e-02, 0., 1.40000001e-01, 5.99999987e-02, 0., 0.,
       7.99999982e-02, 0., 1.99999996e-02, 7.99999982e-02, 0.,
       3.99999991e-02, 7.99999982e-02, 0., 5.99999987e-02,
       7.99999982e-02, 0., 7.99999982e-02, 7.99999982e-02, 0.,
       9.99999940e-02, 7.99999982e-02, 0., 1.19999997e-01,
       7.99999982e-02, 0., 1.40000001e-01, 7.99999982e-02, 0., 0.,
       9.99999940e-02, 0., 1.99999996e-02, 9.99999940e-02, 0.,
       3.99999991e-02, 9.99999940e-02, 0., 5.99999987e-02,
       9.99999940e-02, 0., 7.99999982e-02, 9.99999940e-02, 0.,
       9.99999940e-02, 9.99999940e-02, 0., 1.19999997e-01,
       9.99999940e-02, 0., 1.40000001e-01, 9.99999940e-02, 0. ]
   - [ 0., 0., 0., 1.99999996e-02, 0., 0., 3.99999991e-02, 0., 0.,
       5.99999987e-02, 0., 0., 7.99999982e-02, 0., 0., 9.99999940e-02,
       0., 0., 1.19999997e-01, 0., 0., 1.40000001e-01, 0., 0., 0.,
       1.99999996e-02, 0., 1.99999996e-02, 1.99999996e-02, 0.,
       3.99999991e-02, 1.99999996e-02, 0., 5.99999987e-02,
       1.99999996e-02, 0., 7.99999982e-02, 1.99999996e-02, 0.,
       9.99999940e-02, 1.99999996e-02, 0., 1.19999997e-01,
       1.99999996e-02, 0., 1.40000001e-01, 1.99999996e-02, 0., 0.,
       3.99999991e-02, 0., 1.99999996e-02, 3.99999991e-02, 0.,
       3.99999991e-02, 3.99999991e-02, 0., 5.99999987e-02,
       3.99999991e-02, 0., 7.99999982e-02, 3.99999991e-02, 0.,
       9.99999940e-02, 3.99999991e-02, 0., 1.19999997e-01,
       3.99999991e-02, 0., 1.40000001e-01, 3.99999991e-02, 0., 0.,
       5.99999987e-02, 0., 1.99999996e-02, 5.99999987e-02, 0.,
       3.99999991e-02, 5.99999987e-02, 0., 5.99999987e-02,
       5.99999987e-02, 0., 7.99999982e-02, 5.99999987e-02, 0.,
       9.99999940e-02, 5.99999987e-02, 0., 1.19999997e-01,
       5.99999987e-02, 0., 1.40000001e-01, 5.99999987e-02, 0., 0.,
       7.99999982e-02, 0., 1.99999996e-02, 7.99999982e-02, 0.,
       3.99999991e-02, 7.99999982e-02, 0., 5.99999987e-02,
       7.99999982e-02, 0., 7.99999982e-02, 7.99999982e-02, 0.,
       9.99999940e-02, 7.99999982e-02, 0., 1.19999997e-01,
       7.99999982e-02, 0., 1.40000001e-01, 7.99999982e-02, 0., 0.,
       9.99999940e-02, 0., 1.99999996e-02, 9.99999940e-02, 0.,
       3.99999991e-02, 9.99999940e-02, 0., 5.99999987e-02,
       9.99999940e-02, 0., 7.99999982e-02, 9.99999940e-02, 0.,
       9.99999940e-02, 9.99999940e-02, 0., 1.19999997e-01,
       9.99999940e-02, 0., 1.40000001e-01, 9.99999940e-02, 0. ]
   - [ 0., 0., 0., 1.99999996e-02, 0., 0., 3.99999991e-02, 0., 0.,
       5.99999987e-02, 0., 0., 7.99999982e-02, 0., 0., 9.99999940e-02,
       0., 0., 1.19999997e-01, 0., 0., 1.40000001e-01, 0., 0., 0.,
       1.99999996e-02, 0., 1.99999996e-02, 1.99999996e-02, 0.,
       3.99999991e-02, 1.99999996e-02, 0., 5.99999987e-02,
       1.99999996e-02, 0., 7.99999982e-02, 1.99999996e-02, 0.,
       9.99999940e-02, 1.99999996e-02, 0., 1.19999997e-01,
       1.99999996e-02, 0., 1.40000001e-01, 1.99999996e-02, 0., 0.,
       3.99999991e-02, 0., 1.99999996e-02, 3.99999991e-02, 0.,
       3.99999991e-02, 3.99999991e-02, 0., 5.99999987e-02,
       3.99999991e-02, 0., 7.99999982e-02, 3.99999991e-02, 0.,
       9.99999940e-02, 3.99999991e-02, 0., 1.19999997e-01,
       3.99999991e-02, 0., 1.40000001e-01, 3.99999991e-02, 0., 0.,
       5.99999987e-02, 0., 1.99999996e-02, 5.99999987e-02, 0.,
       3.99999991e-02, 5.99999987e-02, 0., 5.99999987e-02,
       5.99999987e-02, 0., 7.99999982e-02, 5.99999987e-02, 0.,
       9.99999940e-02, 5.99999987e-02, 0., 1.19999997e-01,
       5.99999987e-02, 0., 1.40000001e-01, 5.99999987e-02, 0., 0.,
       7.99999982e-02, 0., 1.99999996e-02, 7.99999982e-02, 0.,
       3.99999991e-02, 7.99999982e-02, 0., 5.99999987e-02,
       7.99999982e-02, 0., 7.99999982e-02, 7.99999982e-02, 0.,
       9.99999940e-02, 7.99999982e-02, 0., 1.19999997e-01,
       7.99999982e-02, 0., 1.40000001e-01, 7.99999982e-02, 0., 0.,
       9.99999940e-02, 0., 1.99999996e-02, 9.99999940e-02, 0.,
       3.99999991e-02, 9.99999940e-02, 0., 5.99999987e-02,
       9.99999940e-02, 0., 7.99999982e-02, 9.99999940e-02, 0.,
       9.99999940e-02, 9.99999940e-02, 0., 1.19999997e-01,
       9.99999940e-02, 0., 1.40000001e-01, 9.99999940e-02, 0. ]
   - [ 0., 0., 0., 1.99999996e-02, 0., 0., 3.99999991e-02, 0., 0.,
       5.99999987e-02, 0., 0., 7.99999982e-02, 0., 0., 9.99999940e-02,
       0., 0., 1.19999997e-01, 0., 0., 1.40000001e-01, 0., 0., 0.,
       1.99999996e-02, 0., 1.99999996e-02, 1.99999996e-02, 0.,
       3.99999991e-02, 1.99999996e-02, 0., 5.99999987e-02,
       1.99999996e-02, 0., 7.99999982e-02, 1.99999996e-02, 0.,
       9.99999940e-02, 1.99999996e-02, 0., 1.19999997e-01,
       1.99999996e-02, 0., 1.40000001e-01, 1.99999996e-02, 0., 0.,
       3.99999991e-02, 0., 1.99999996e-02, 3.99999991e-02, 0.,
       3.99999991e-02, 3.99999991e-02, 0., 5.99999987e-02,
       3.99999991e-02, 0., 7.99999982e-02, 3.99999991e-02, 0.,
       9.99999940e-02, 3.99999991e-02, 0., 1.19999997e-01,
       3.99999991e-02, 0., 1.40000001e-01, 3.99999991e-02, 0., 0.,
       5.99999987e-02, 0., 1.99999996e-02, 5.99999987e-02, 0.,
       3.99999991e-02, 5.99999987e-02, 0., 5.99999987e-02,
       5.99999987e-02, 0., 7.99999982e-02, 5.99999987e-02, 0.,
       9.99999940e-02, 5.99999987e-02, 0., 1.19999997e-01,
       5.99999987e-02, 0., 1.40000001e-01, 5.99999987e-02, 0., 0.,
       7.99999982e-02, 0., 1.99999996e-02, 7.99999982e-02, 0.,
       3.99999991e-02, 7.99999982e-02, 0., 5.99999987e-02,
       7.99999982e-02, 0., 7.99999982e-02, 7.99999982e-02, 0.,
       9.99999940e-02, 7.99999982e-02, 0., 1.19999997e-01,
       7.99999982e-02, 0., 1.40000001e-01, 7.99999982e-02, 0., 0.,
       9.99999940e-02, 0., 1.99999996e-02, 9.99999940e-02, 0.,
       3.99999991e-02, 9.99999940e-02, 0., 5.99999987e-02,
       9.99999940e-02, 0., 7.99999982e-02, 9.99999940e-02, 0.,
       9.99999940e-02, 9.99999940e-02, 0., 1.19999997e-01,
       9.99999940e-02, 0., 1.40000001e-01, 9.99999940e-02, 0. ]
   - [ 0., 0., 0., 1.99999996e-02, 0., 0., 3.99999991e-02, 0., 0.,
       5.99999987e-02, 0., 0., 7.99999982e-02, 0., 0., 9.99999940e-02,
       0., 0., 1.19999997e-01, 0., 0., 1.40000001e-01, 0., 0., 0.,
       1.99999996e-02, 0., 1.99999996e-02, 1.99999996e-02, 0.,
       3.99999991e-02, 1.99999996e-02, 0., 5.99999987e-02,
       1.99999996e-02, 0., 7.99999982e-02, 1.99999996e-02, 0.,
       9.99999940e-02, 1.99999996e-02, 0., 1.19999997e-01,
       1.99999996e-02, 0., 1.40000001e-01, 1.99999996e-02, 0., 0.,
       3.99999991e-02, 0., 1.99999996e-02, 3.99999991e-02, 0.,
       3.99999991e-02, 3.99999991e-02, 0., 5.99999987e-02,
       3.99999991e-02, 0., 7.99999982e-02, 3.99999991e-02, 0.,
       9.99999940e-02, 3.99999991e-02, 0., 1.19999997e-01,
       3.99999991e-02, 0., 1.40000001e-01, 3.99999991e-02, 0., 0.,
       5.99999987e-02, 0., 1.99999996e-02, 5.99999987e-02, 0.,
       3.99999991e-02, 5.99999987e-02, 0., 5.99999987e-02,
       5.99999987e-02, 0., 7.99999982e-02, 5.99999987e-02, 0.,
       9.99999940e-02, 5.99999987e-02, 0., 1.19999997e-01,
       5.99999987e-02, 0., 1.40000001e-01, 5.99999987e-02, 0., 0.,
       7.99999982e-02, 0., 1.99999996e-02, 7.99999982e-02, 0.,
       3.99999991e-02, 7.99999982e-02, 0., 5.99999987e-02,
       7.99999982e-02, 0., 7.99999982e-02, 7.99999982e-02, 0.,
       9.99999940e-02, 7.99999982e-02, 0., 1.19999997e-01,
       7.99999982e-02, 0., 1.40000001e-01, 7.99999982e-02, 0., 0.,
       9.99999940e-02, 0., 1.99999996e-02, 9.99999940e-02, 0.,
       3.99999991e-02, 9.99999940e-02, 0., 5.99999987e-02,
       9.99999940e-02, 0., 7.99999982e-02, 9.99999940e-02, 0.,
       9.99999940e-02, 9.99999940e-02, 0., 1.19999997e-01,
       9.99999940e-02, 0., 1.40000001e-01, 9.99999940e-02, 0. ]
   - [ 0., 0., 0., 1.99999996e-02, 0., 0., 3.99999991e-02, 0., 0.,
       5.99999987e-02, 0., 0., 7.99999982e-02, 0., 0., 9.99999940e-02,
       0., 0., 1.19999997e-01, 0., 0., 1.40000001e-01, 0., 0., 0.,
       1.99999996e-02, 0., 1.99999996e-02, 1.99999996e-02, 0.,
       3.99999991e-02, 1.99999996e-02, 0., 5.99999987e-02,
       1.99999996e-02, 0., 7.99999982e-02, 1.99999996e-02, 0.,
       9.99999940e-02, 1.99999996e-02, 0., 1.19999997e-01,
       1.99999996e-02, 0., 1.40000001e-01, 1.99999996e-02, 0., 0.,
       3.99999991e-02, 0., 1.99999996e-02, 3.99999991e-02, 0.,
       3.99999991e-02, 3.99999991e-02, 0., 5.99999987e-02,
       3.99999991e-02, 0., 7.99999982e-02, 3.99999991e-02, 0.,
       9.99999940e-02, 3.99999991e-02, 0., 1.19999997e-01,
       3.99999991e-02, 0., 1.40000001e-01, 3.99999991e-02, 0., 0.,
       5.99999987e-02, 0., 1.99999996e-02, 5.99999987e-02, 0.,
       3.99999991e-02, 5.99999987e-02, 0., 5.99999987e-02,
       5.99999987e-02, 0., 7.99999982e-02, 5.99999987e-02, 0.,
       9.99999940e-02, 5.99999987e-02, 0., 1.19999997e-01,
       5.99999987e-02, 0., 1.40000001e-01, 5.99999987e-02, 0., 0.,
       7.99999982e-02, 0., 1.99999996e-02, 7.99999982e-02, 0.,
       3.99999991e-02, 7.99999982e-02, 0., 5.99999987e-02,
       7.99999982e-02, 0., 7.99999982e-02, 7.99999982e-02, 0.,
       9.99999940e-02, 7.99999982e-02, 0., 1.19999997e-01,
       7.99999982e-02, 0., 1.40000001e-01, 7.99999982e-02, 0., 0.,
       9.99999940e-02, 0., 1.99999996e-02, 9.99999940e-02, 0.,
       3.99999991e-02, 9.99999940e-02, 0., 5.99999987e-02,
       9.99999940e-02, 0., 7.99999982e-02, 9.99999940e-02, 0.,
       9.99999940e-02, 9.99999940e-02, 0., 1.19999997e-01,
       9.99999940e-02, 0., 1.40000001e-01, 9.99999940e-02, 0. ]
   - [ 0., 0., 0., 1.99999996e-02, 0., 0., 3.99999991e-02, 0., 0.,
       5.99999987e-02, 0., 0., 7.99999982e-02, 0., 0., 9.99999940e-02,
       0., 0., 1.19999997e-01, 0., 0., 1.40000001e-01, 0., 0., 0.,
       1.99999996e-02, 0., 1.99999996e-02, 1.99999996e-02, 0.,
       3.99999991e-02, 1.99999996e-02, 0., 5.99999987e-02,
       1.99999996e-02, 0., 7.99999982e-02, 1.99999996e-02, 0.,
       9.99999940e-02, 1.99999996e-02, 0., 1.19999997e-01,
       1.99999996e-02, 0., 1.40000001e-01, 1.99999996e-02, 0., 0.,
       3.99999991e-02, 0., 1.99999996e-02, 3.99999991e-02, 0.,
       3.99999991e-02, 3.99999991e-02, 0., 5.99999987e-02,
       3.99999991e-02, 0., 7.99999982e-02, 3.99999991e-02, 0.,
       9.99999940e-02, 3.99999991e-02, 0., 1.19999997e-01,
       3.99999991e-02, 0., 1.40000001e-01, 3.99999991e-02, 0., 0.,
       5.99999987e-02, 0., 1.99999996e-02, 5.99999987e-02, 0.,
       3.99999991e-02, 5.99999987e-02, 0., 5.99999987e-02,
       5.99999987e-02, 0., 7.99999982e-02, 5.99999987e-02, 0.,
       9.99999940e-02, 5.99999987e-02, 0., 1.19999997e-01,
       5.99999987e-02, 0., 1.40000001e-01, 5.99999987e-02, 0., 0.,
       7.99999982e-02, 0., 1.99999996e-02, 7.99999982e-02, 0.,
       3.99999991e-02, 7.99999982e-02, 0., 5.99999987e-02,
       7.99999982e-02, 0., 7.99999982e-02, 7.99999982e-02, 0.,
       9.99999940e-02, 7.99999982e-02, 0., 1.19999997e-01,
       7.99999982e-02, 0., 1.40000001e-01, 7.99999982e-02, 0., 0.,
       9.99999940e-02, 0., 1.99999996e-02, 9.99999940e-02, 0.,
       3.99999991e-02, 9.99999940e-02, 0., 5.99999987e-02,
       9.99999940e-02, 0., 7.99999982e-02, 9.99999940e-02, 0.,
       9.99999940e-02, 9.99999940e-02, 0., 1.19999997e-01,
       9.99999940e-02, 0., 1.40000001e-01, 9.99999940e-02, 0. ]
   - [ 0., 0., 0., 1.99999996e-02, 0., 0., 3.99999991e-02, 0., 0.,
       5.99999987e-02, 0., 0., 7.99999982e-02, 0., 0., 9.99999940e-02,
       0., 0., 1.19999997e-01, 0., 0., 1.40000001e-01, 0., 0., 0.,
       1.99999996e-02, 0., 1.99999996e-02, 1.99999996e-02, 0.,
       3.99999991e-02, 1.99999996e-02, 0., 5.99999987e-02,
       1.99999996e-02, 0., 7.99999982e-02, 1.99999996e-02, 0.,
       9.99999940e-02, 1.99999996e-02, 0., 1.19999997e-01,
       1.99999996e-02, 0., 1.40000001e-01, 1.99999996e-02, 0., 0.,
       3.99999991e-02, 0., 1.99999996e-02, 3.99999991e-02, 0.,
       3.99999991e-02, 3.99999991e-02, 0., 5.99999987e-02,
       3.99999991e-02, 0., 7.99999982e-02, 3.99999991e-02, 0.,
       9.99999940e-02, 3.99999991e-02, 0., 1.19999997e-01,
       3.99999991e-02, 0., 1.40000001e-01, 3.99999991e-02, 0., 0.,
       5.99999987e-02, 0., 1.99999996e-02, 5.99999987e-02, 0.,
       3.99999991e-02, 5.99999987e-02, 0., 5.99999987e-02,
       5.99999987e-02, 0., 7.99999982e-02, 5.99999987e-02, 0.,
       9.99999940e-02, 5.99999987e-02, 0., 1.19999997e-01,
       5.99999987e-02, 0., 1.40000001e-01, 5.99999987e-02, 0., 0.,
       7.99999982e-02, 0., 1.99999996e-02, 7.99999982e-02, 0.,
       3.99999991e-02, 7.99999982e-02, 0., 5.99999987e-02,
       7.99999982e-02, 0., 7.99999982e-02, 7.99999982e-02, 0.,
       9.99999940e-02, 7.99999982e-02, 0., 1.19999997e-01,
       7.99999982e-02, 0., 1.40000001e-01, 7.99999982e-02, 0., 0.,
       9.99999940e-02, 0., 1.99999996e-02, 9.99999940e-02, 0.,
       3.99999991e-02, 9.99999940e-02, 0., 5.99999987e-02,
       9.99999940e-02, 0., 7.99999982e-02, 9.99999940e-02, 0.,
       9.99999940e-02, 9.99999940e-02, 0., 1.19999997e-01,
       9.99999940e-02, 0., 1.40000001e-01, 9.99999940e-02, 0. ]
   - [ 0., 0., 0., 1.99999996e-02, 0., 0., 3.99999991e-02, 0., 0.,
       5.99999987e-02, 0., 0., 7.99999982e-02, 0., 0., 9.99999940e-02,
       0., 0., 1.19999997e-01, 0., 0., 1.40000001e-01, 0., 0., 0.,
       1.99999996e-02, 0., 1.99999996e-02, 1.99999996e-02, 0.,
       3.99999991e-02, 1.99999996e-02, 0., 5.99999987e-02,
       1.99999996e-02, 0., 7.99999982e-02, 1.99999996e-02, 0.,
       9.99999940e-02, 1.99999996e-02, 0., 1.19999997e-01,
       1.99999996e-02, 0., 1.40000001e-01, 1.99999996e-02, 0., 0.,
       3.99999991e-02, 0., 1.99999996e-02, 3.99999991e-02, 0.,
       3.99999991e-02, 3.99999991e-02, 0., 5.99999987e-02,
       3.99999991e-02, 0., 7.99999982e-02, 3.99999991e-02, 0.,
       9.99999940e-02, 3.99999991e-02, 0., 1.19999997e-01,
       3.99999991e-02, 0., 1.40000001e-01, 3.99999991e-02, 0., 0.,
       5.99999987e-02, 0., 1.99999996e-02, 5.99999987e-02, 0.,
       3.99999991e-02, 5.99999987e-02, 0., 5.99999987e-02,
       5.99999987e-02, 0., 7.99999982e-02, 5.99999987e-02, 0.,
       9.99999940e-02, 5.99999987e-02, 0., 1.19999997e-01,
       5.99999987e-02, 0., 1.40000001e-01, 5.99999987e-02, 0., 0.,
       7.99999982e-02, 0., 1.99999996e-02, 7.99999982e-02, 0.,
       3.99999991e-02, 7.99999982e-02, 0., 5.99999987e-02,
       7.99999982e-02, 0., 7.99999982e-02, 7.99999982e-02, 0.,
       9.99999940e-02, 7.99999982e-02, 0., 1.19999997e-01,
       7.99999982e-02, 0., 1.40000001e-01, 7.99999982e-02, 0., 0.,
       9.99999940e-02, 0., 1.99999996e-02, 9.99999940e-02, 0.,
       3.99999991e-02, 9.99999940e-02, 0., 5.99999987e-02,
       9.99999940e-02, 0., 7.99999982e-02, 9.99999940e-02, 0.,
       9.99999940e-02, 9.99999940e-02, 0., 1.19999997e-01,
       9.99999940e-02, 0., 1.40000001e-01, 9.99999940e-02, 0. ]
   - [ 0., 0., 0., 1.99999996e-02, 0., 0., 3.99999991e-02, 0., 0.,
       5.99999987e-02, 0., 0., 7.99999982e-02, 0., 0., 9.99999940e-02,
       0., 0., 1.19999997e-01, 0., 0., 1.40000001e-01, 0., 0., 0.,
       1.99999996e-02, 0., 1.99999996e-02, 1.99999996e-02, 0.,
       3.99999991e-02, 1.99999996e-02, 0., 5.99999987e-02,
       1.99999996e-02, 0., 7.99999982e-02, 1.99999996e-02, 0.,
       9.99999940e-02, 1.99999996e-02, 0., 1.19999997e-01,
       1.99999996e-02, 0., 1.40000001e-01, 1.99999996e-02, 0., 0.,
       3.99999991e-02, 0., 1.99999996e-02, 3.99999991e-02, 0.,
       3.99999991e-02, 3.99999991e-02, 0., 5.99999987e-02,
       3.99999991e-02, 0., 7.99999982e-02, 3.99999991e-02, 0.,
       9.99999940e-02, 3.99999991e-02, 0., 1.19999997e-01,
       3.99999991e-02, 0., 1.40000001e-01, 3.99999991e-02, 0., 0.,
       5.99999987e-02, 0., 1.99999996e-02, 5.99999987e-02, 0.,
       3.99999991e-02, 5.99999987e-02, 0., 5.99999987e-02,
       5.99999987e-02, 0., 7.99999982e-02, 5.99999987e-02, 0.,
       9.99999940e-02, 5.99999987e-02, 0., 1.19999997e-01,
       5.99999987e-02, 0., 1.40000001e-01, 5.99999987e-02, 0., 0.,
       7.99999982e-02, 0., 1.99999996e-02, 7.99999982e-02, 0.,
       3.99999991e-02, 7.99999982e-02, 0., 5.99999987e-02,
       7.99999982e-02, 0., 7.99999982e-02, 7.99999982e-02, 0.,
       9.99999940e-02, 7.99999982e-02, 0., 1.19999997e-01,
       7.99999982e-02, 0., 1.40000001e-01, 7.99999982e-02, 0., 0.,
       9.99999940e-02, 0., 1.99999996e-02, 9.99999940e-02, 0.,
       3.99999991e-02, 9.99999940e-02, 0., 5.99999987e-02,
       9.99999940e-02, 0., 7.99999982e-02, 9.99999940e-02, 0.,
       9.99999940e-02, 9.99999940e-02, 0., 1.19999997e-01,
       9.99999940e-02, 0., 1.40000001e-01, 9.99999940e-02, 0. ]
   - [ 0., 0., 0., 1.99999996e-02, 0., 0., 3.99999991e-02, 0., 0.,
       5.99999987e-02, 0., 0., 7.99999982e-02, 0., 0., 9.99999940e-02,
       0., 0., 1.19999997e-01, 0., 0., 1.40000001e-01, 0., 0., 0.,
       1.99999996e-02, 0., 1.99999996e-02, 1.99999996e-02, 0.,
       3.99999991e-02, 1.99999996e-02, 0., 5.99999987e-02,
       1.99999996e-02, 0., 7.99999982e-02, 1.99999996e-02, 0.,
       9.99999940e-02, 1.99999996e-02, 0., 1.19999997e-01,
       1.99999996e-02, 0., 1.40000001e-01, 1.99999996e-02, 0., 0.,
       3.99999991e-02, 0., 1.99999996e-02, 3.99999991e-02, 0.,
       3.99999991e-02, 3.99999991e-02, 0., 5.99999987e-02,
       3.99999991e-02, 0., 7.99999982e-02, 3.99999991e-02, 0.,
       9.99999940e-02, 3.99999991e-02, 0., 1.19999997e-01,
       3.99999991e-02, 0., 1.40000001e-01, 3.99999991e-02, 0., 0.,
       5.99999987e-02, 0., 1.99999996e-02, 5.99999987e-02, 0.,
       3.99999991e-02, 5.99999987e-02, 0., 5.99999987e-02,
       5.99999987e-02, 0., 7.99999982e-02, 5.99999987e-02, 0.,
       9.99999940e-02, 5.99999987e-02, 0., 1.19999997e-01,
       5.99999987e-02, 0., 1.40000001e-01, 5.99999987e-02, 0., 0.,
       7.99999982e-02, 0., 1.99999996e-02, 7.99999982e-02, 0.,
       3.99999991e-02, 7.99999982e-02, 0., 5.99999987e-02,
       7.99999982e-02, 0., 7.99999982e-02, 7.99999982e-02, 0.,
       9.99999940e-02, 7.99999982e-02, 0., 1.19999997e-01,
       7.99999982e-02, 0., 1.40000001e-01, 7.99999982e-02, 0., 0.,
       9.99999940e-02, 0., 1.99999996e-02, 9.99999940e-02, 0.,
       3.99999991e-02, 9.99999940e-02, 0., 5.99999987e-02,
       9.99999940e-02, 0., 7.99999982e-02, 9.99999940e-02, 0.,
       9.99999940e-02, 9.99999940e-02, 0., 1.19999997e-01,
       9.99999940e-02, 0., 1.40000001e-01, 9.99999940e-02, 0. ]
   - [ 0., 0., 0., 1.99999996e-02, 0., 0., 3.99999991e-02, 0., 0.,
       5.99999987e-02, 0., 0., 7.99999982e-02, 0., 0., 9.99999940e-02,
       0., 0., 1.19999997e-01, 0., 0., 1.40000001e-01, 0., 0., 0.,
       1.99999996e-02, 0., 1.99999996e-02, 1.99999996e-02, 0.,
       3.99999991e-02, 1.99999996e-02, 0., 5.99999987e-02,
       1.99999996e-02, 0., 7.99999982e-02, 1.99999996e-02, 0.,
       9.99999940e-02, 1.99999996e-02, 0., 1.19999997e-01,
       1.99999996e-02, 0., 1.40000001e-01, 1.99999996e-02, 0., 0.,
       3.99999991e-02, 0., 1.99999996e-02, 3.99999991e-02, 0.,
       3.99999991e-02, 3.99999991e-02, 0., 5.99999987e-02,
       3.99999991e-02, 0., 7.99999982e-02, 3.99999991e-02, 0.,
       9.99999940e-02, 3.99999991e-02, 0., 1.19999997e-01,
       3.99999991e-02, 0., 1.40000001e-01, 3.99999991e-02, 0., 0.,
       5.99999987e-02, 0., 1.99999996e-02, 5.99999987e-02, 0.,
       3.99999991e-02, 5.99999987e-02, 0., 5.99999987e-02,
       5.99999987e-02, 0., 7.99999982e-02, 5.99999987e-02, 0.,
       9.99999940e-02, 5.99999987e-02, 0., 1.19999997e-01,
       5.99999987e-02, 0., 1.40000001e-01, 5.99999987e-02, 0., 0.,
       7.99999982e-02, 0., 1.99999996e-02, 7.99999982e-02, 0.,
       3.99999991e-02, 7.99999982e-02, 0., 5.99999987e-02,
       7.99999982e-02, 0., 7.99999982e-02, 7.99999982e-02, 0.,
       9.99999940e-02, 7.99999982e-02, 0., 1.19999997e-01,
       7.99999982e-02, 0., 1.40000001e-01, 7.99999982e-02, 0., 0.,
       9.99999940e-02, 0., 1.99999996e-02, 9.99999940e-02, 0.,
       3.99999991e-02, 9.99999940e-02, 0., 5.99999987e-02,
       9.99999940e-02, 0., 7.99999982e-02, 9.99999940e-02, 0.,
       9.99999940e-02, 9.99999940e-02, 0., 1.19999997e-01,
       9.99999940e-02, 0., 1.40000001e-01, 9.99999940e-02, 0. ]
   - [ 0., 0., 0., 1.99999996e-02, 0., 0., 3.99999991e-02, 0., 0.,
       5.99999987e-02, 0., 0., 7.99999982e-02, 0., 0., 9.99999940e-02,
       0., 0., 1.19999997e-01, 0., 0., 1.40000001e-01, 0., 0., 0.,
       1.99999996e-02, 0., 1.99999996e-02, 1.99999996e-02, 0.,
       3.99999991e-02, 1.99999996e-02, 0., 5.99999987e-02,
       1.99999996e-02, 0., 7.99999982e-02, 1.99999996e-02, 0.,
       9.99999940e-02, 1.99999996e-02, 0., 1.19999997e-01,
       1.99999996e-02, 0., 1.40000001e-01, 1.99999996e-02, 0., 0.,
       3.99999991e-02, 0., 1.99999996e-02, 3.99999991e-02, 0.,
       3.99999991e-02, 3.99999991e-02, 0., 5.99999987e-02,
       3.99999991e-02, 0., 7.99999982e-02, 3.99999991e-02, 0.,
       9.99999940e-02, 3.99999991e-02, 0., 1.19999997e-01,
       3.99999991e-02, 0., 1.40000001e-01, 3.99999991e-02, 0., 0.,
       5.99999987e-02, 0., 1.99999996e-02, 5.99999987e-02, 0.,
       3.99999991e-02, 5.99999987e-02, 0., 5.99999987e-02,
       5.99999987e-02, 0., 7.99999982e-02, 5.99999987e-02, 0.,
       9.99999940e-02, 5.99999987e-02, 0., 1.19999997e-01,
       5.99999987e-02, 0., 1.40000001e-01, 5.99999987e-02, 0., 0.,
       7.99999982e-02, 0., 1.99999996e-02, 7.99999982e-02, 0.,
       3.99999991e-02, 7.99999982e-02, 0., 5.99999987e-02,
       7.99999982e-02, 0., 7.99999982e-02, 7.99999982e-02, 0.,
       9.99999940e-02, 7.99999982e-02, 0., 1.19999997e-01,
       7.99999982e-02, 0., 1.40000001e-01, 7.99999982e-02, 0., 0.,
       9.99999940e-02, 0., 1.99999996e-02, 9.99999940e-02, 0.,
       3.99999991e-02, 9.99999940e-02, 0., 5.99999987e-02,
       9.99999940e-02, 0., 7.99999982e-02, 9.99999940e-02, 0.,
       9.99999940e-02, 9.99999940e-02, 0., 1.19999997e-01,
       9.99999940e-02, 0., 1.40000001e-01, 9.99999940e-02, 0. ]
   - [ 0., 0., 0., 1.99999996e-02, 0., 0., 3.99999991e-02, 0., 0.,
       5.99999987e-02, 0., 0., 7.99999982e-02, 0., 0., 9.99999940e-02,
       0., 0., 1.19999997e-01, 0., 0., 1.40000001e-01, 0., 0., 0.,
       1.99999996e-02, 0., 1.99999996e-02, 1.99999996e-02, 0.,
       3.99999991e-02, 1.99999996e-02, 0., 5.99999987e-02,
       1.99999996e-02, 0., 7.99999982e-02, 1.99999996e-02, 0.,
       9.99999940e-02, 1.99999996e-02, 0., 1.19999997e-01,
       1.99999996e-02, 0., 1.40000001e-01, 1.99999996e-02, 0., 0.,
       3.99999991e-02, 0., 1.99999996e-02, 3.99999991e-02, 0.,
       3.99999991e-02, 3.99999991e-02, 0., 5.99999987e-02,
       3.99999991e-02, 0., 7.99999982e-02, 3.99999991e-02, 0.,
       9.99999940e-02, 3.99999991e-02, 0., 1.19999997e-01,
       3.99999991e-02, 0., 1.40000001e-01, 3.99999991e-02, 0., 0.,
       5.99999987e-02, 0., 1.99999996e-02, 5.99999987e-02, 0.,
       3.99999991e-02, 5.99999987e-02, 0., 5.99999987e-02,
       5.99999987e-02, 0., 7.99999982e-02, 5.99999987e-02, 0.,
       9.99999940e-02, 5.99999987e-02, 0., 1.19999997e-01,
       5.99999987e-02, 0., 1.40000001e-01, 5.99999987e-02, 0., 0.,
       7.99999982e-02, 0., 1.99999996e-02, 7.99999982e-02, 0.,
       3.99999991e-02, 7.99999982e-02, 0., 5.99999987e-02,
       7.99999982e-02, 0., 7.99999982e-02, 7.99999982e-02, 0.,
       9.99999940e-02, 7.99999982e-02, 0., 1.19999997e-01,
       7.99999982e-02, 0., 1.40000001e-01, 7.99999982e-02, 0., 0.,
       9.99999940e-02, 0., 1.99999996e-02, 9.99999940e-02, 0.,
       3.99999991e-02, 9.99999940e-02, 0., 5.99999987e-02,
       9.99999940e-02, 0., 7.99999982e-02, 9.99999940e-02, 0.,
       9.99999940e-02, 9.99999940e-02, 0., 1.19999997e-01,
       9.99999940e-02, 0., 1.40000001e-01, 9.99999940e-02, 0. ]
   - [ 0., 0., 0., 1.99999996e-02, 0., 0., 3.99999991e-02, 0., 0.,
       5.99999987e-02, 0., 0., 7.99999982e-02, 0., 0., 9.99999940e-02,
       0., 0., 1.19999997e-01, 0., 0., 1.40000001e-01, 0., 0., 0.,
       1.99999996e-02, 0., 1.99999996e-02, 1.99999996e-02, 0.,
       3.99999991e-02, 1.99999996e-02, 0., 5.99999987e-02,
       1.99999996e-02, 0., 7.99999982e-02, 1.99999996e-02, 0.,
       9.99999940e-02, 1.99999996e-02, 0., 1.19999997e-01,
       1.99999996e-02, 0., 1.40000001e-01, 1.99999996e-02, 0., 0.,
       3.99999991e-02, 0., 1.99999996e-02, 3.99999991e-02, 0.,
       3.99999991e-02, 3.99999991e-02, 0., 5.99999987e-02,
       3.99999991e-02, 0., 7.99999982e-02, 3.99999991e-02, 0.,
       9.99999940e-02, 3.99999991e-02, 0., 1.19999997e-01,
       3.99999991e-02, 0., 1.40000001e-01, 3.99999991e-02, 0., 0.,
       5.99999987e-02, 0., 1.99999996e-02, 5.99999987e-02, 0.,
       3.99999991e-02, 5.99999987e-02, 0., 5.99999987e-02,
       5.99999987e-02, 0., 7.99999982e-02, 5.99999987e-02, 0.,
       9.99999940e-02, 5.99999987e-02, 0., 1.19999997e-01,
       5.99999987e-02, 0., 1.40000001e-01, 5.99999987e-02, 0., 0.,
       7.99999982e-02, 0., 1.99999996e-02, 7.99999982e-02, 0.,
       3.99999991e-02, 7.99999982e-02, 0., 5.99999987e-02,
       7.99999982e-02, 0., 7.99999982e-02, 7.99999982e-02, 0.,
       9.99999940e-02, 7.99999982e-02, 0., 1.19999997e-01,
       7.99999982e-02, 0., 1.40000001e-01, 7.99999982e-02, 0., 0.,
       9.99999940e-02, 0., 1.99999996e-02, 9.99999940e-02, 0.,
       3.99999991e-02, 9.99999940e-02, 0., 5.99999987e-02,
       9.99999940e-02, 0., 7.99999982e-02, 9.99999940e-02, 0.,
       9.99999940e-02, 9.99999940e-02, 0., 1.19999997e-01,
       9.99999940e-02, 0., 1.40000001e-01, 9.99999940e-02, 0. ]
   - [ 0., 0., 0., 1.99999996e-02, 0., 0., 3.99999991e-02, 0., 0.,
       5.99999987e-02, 0., 0., 7.99999982e-02, 0., 0., 9.99999940e-02,
       0., 0., 1.19999997e-01, 0., 0., 1.40000001e-01, 0., 0., 0.,
       1.99999996e-02, 0., 1.99999996e-02, 1.99999996e-02, 0.,
       3.99999991e-02, 1.99999996e-02, 0., 5.99999987e-02,
       1.99999996e-02, 0., 7.99999982e-02, 1.99999996e-02, 0.,
       9.99999940e-02, 1.99999996e-02, 0., 1.19999997e-01,
       1.99999996e-02, 0., 1.40000001e-01, 1.99999996e-02, 0., 0.,
       3.99999991e-02, 0., 1.99999996e-02, 3.99999991e-02, 0.,
       3.99999991e-02, 3.99999991e-02, 0., 5.99999987e-02,
       3.99999991e-02, 0., 7.99999982e-02, 3.99999991e-02, 0.,
       9.99999940e-02, 3.99999991e-02, 0., 1.19999997e-01,
       3.99999991e-02, 0., 1.40000001e-01, 3.99999991e-02, 0., 0.,
       5.99999987e-02, 0., 1.99999996e-02, 5.99999987e-02, 0.,
       3.99999991e-02, 5.99999987e-02, 0., 5.99999987e-02,
       5.99999987e-02, 0., 7.99999982e-02, 5.99999987e-02, 0.,
       9.99999940e-02, 5.99999987e-02, 0., 1.19999997e-01,
       5.99999987e-02, 0., 1.40000001e-01, 5.99999987e-02, 0., 0.,
       7.99999982e-02, 0., 1.99999996e-02, 7.99999982e-02, 0.,
       3.99999991e-02, 7.99999982e-02, 0., 5.99999987e-02,
       7.99999982e-02, 0., 7.99999982e-02, 7.99999982e-02, 0.,
       9.99999940e-02, 7.99999982e-02, 0., 1.19999997e-01,
       7.99999982e-02, 0., 1.40000001e-01, 7.99999982e-02, 0., 0.,
       9.99999940e-02, 0., 1.99999996e-02, 9.99999940e-02, 0.,
       3.99999991e-02, 9.99999940e-02, 0., 5.99999987e-02,
       9.99999940e-02, 0., 7.99999982e-02, 9.99999940e-02, 0.,
       9.99999940e-02, 9.99999940e-02, 0., 1.19999997e-01,
       9.99999940e-02, 0., 1.40000001e-01, 9.99999940e-02, 0. ]
image_points:
   - [ 6.13813599e+02, 1.33372168e+03, 6.97892517e+02, 1.32871118e+03,
       7.83983521e+02, 1.32375818e+03, 8.72187500e+02, 1.31911218e+03,
       9.62205933e+02, 1.31445935e+03, 1.05385706e+03, 1.30998889e+03,
       1.14752087e+03, 1.30561072e+03, 1.24265710e+03, 1.30140100e+03,
       6.19114868e+02, 1.42724060e+03, 7.03036560e+02, 1.42307324e+03,
       7.88878601e+02, 1.41883179e+03, 8.77036743e+02, 1.41483801e+03,
       9.66813599e+02, 1.41084351e+03, 1.05835986e+03, 1.40690320e+03,
       1.15177698e+03, 1.40310046e+03, 1.24666553e+03, 1.39941919e+03,
       6.25014832e+02, 1.52049072e+03, 7.08833008e+02, 1.51708325e+03,
       7.94564819e+02, 1.51376038e+03, 8.82473816e+02, 1.51031873e+03,
       9.72011169e+02, 1.50697827e+03, 1.06327527e+03, 1.50378613e+03,
       1.15649170e+03, 1.50035767e+03, 1.25115369e+03, 1.49719690e+03,
       6.31825989e+02, 1.61322766e+03, 7.15423462e+02, 1.61047229e+03,
       8.00794067e+02, 1.60780908e+03, 8.88584045e+02, 1.60513867e+03,
       9.77891541e+02, 1.60245337e+03, 1.06885535e+03, 1.59974573e+03,
       1.16172900e+03, 1.59701648e+03, 1.25601099e+03, 1.59426672e+03,
       6.39397766e+02, 1.70528320e+03, 7.22721619e+02, 1.70343701e+03,
       8.07887878e+02, 1.70137183e+03, 8.95169800e+02, 1.69939282e+03,
       9.84338928e+02, 1.69744617e+03, 1.07498767e+03, 1.69524207e+03,
       1.16742810e+03, 1.69304688e+03, 1.26140173e+03, 1.69079871e+03,
       6.47516296e+02, 1.79643127e+03, 7.30672546e+02, 1.79532080e+03,
       8.15507019e+02, 1.79411121e+03, 9.02584351e+02, 1.79262561e+03,
       9.91267517e+02, 1.79133960e+03, 1.08157251e+03, 1.78966785e+03,
       1.17364990e+03, 1.78800061e+03, 1.26707910e+03, 1.78619971e+03 ]
   - [ 8.26539429e+02, 1.32885754e+03, 9.15755310e+02, 1.32416431e+03,
       1.00675732e+03, 1.31951160e+03, 1.09955212e+03, 1.31516101e+03,
       1.19386926e+03, 1.31098840e+03, 1.28960498e+03, 1.30692688e+03,
       1.38683752e+03, 1.30298621e+03, 1.48513623e+03, 1.29939783e+03,
       8.31550720e+02, 1.42424097e+03, 9.20599731e+02, 1.42028564e+03,
       1.01127008e+03, 1.41639001e+03, 1.10397522e+03, 1.41260364e+03,
       1.19815186e+03, 1.40889880e+03, 1.29357874e+03, 1.40531848e+03,
       1.39066846e+03, 1.40179346e+03, 1.48875366e+03, 1.39850659e+03,
       8.37058838e+02, 1.51953979e+03, 9.25988220e+02, 1.51624988e+03,
       1.01646838e+03, 1.51298901e+03, 1.10898804e+03, 1.50974048e+03,
       1.20295959e+03, 1.50659839e+03, 1.29804700e+03, 1.50354846e+03,
       1.39469751e+03, 1.50040491e+03, 1.49258594e+03, 1.49741467e+03,
       8.43468445e+02, 1.61405957e+03, 9.32088196e+02, 1.61144263e+03,
       1.02234454e+03, 1.60880273e+03, 1.11449768e+03, 1.60609937e+03,
       1.20803406e+03, 1.60362439e+03, 1.30283423e+03, 1.60079968e+03,
       1.39923523e+03, 1.59812439e+03, 1.49670520e+03, 1.59549670e+03,
       8.50369202e+02, 1.70799829e+03, 9.38725220e+02, 1.70606824e+03,
       1.02867444e+03, 1.70410107e+03, 1.12048096e+03, 1.70196460e+03,
       1.21361841e+03, 1.69983630e+03, 1.30812610e+03, 1.69776904e+03,
       1.40411450e+03, 1.69546057e+03, 1.50101831e+03, 1.69312622e+03,
       8.58131897e+02, 1.80102344e+03, 9.46015808e+02, 1.79968311e+03,
       1.03553186e+03, 1.79820374e+03, 1.12695081e+03, 1.79668030e+03,
       1.21981213e+03, 1.79509680e+03, 1.31378796e+03, 1.79338757e+03,
       1.40914221e+03, 1.79141724e+03, 1.50559558e+03, 1.78942480e+03 ]
   - [ 1.05346472e+03, 1.32415564e+03, 1.14717810e+03, 1.32003760e+03,
       1.24233618e+03, 1.31590137e+03, 1.33914417e+03, 1.31206018e+03,
       1.43701563e+03, 1.30835229e+03, 1.53575696e+03, 1.30481018e+03,
       1.63568152e+03, 1.30161890e+03, 1.73622107e+03, 1.29845691e+03,
       1.05805847e+03, 1.42146509e+03, 1.15157373e+03, 1.41769006e+03,
       1.24651697e+03, 1.41411707e+03, 1.34303943e+03, 1.41071655e+03,
       1.44068250e+03, 1.40757690e+03, 1.53917798e+03, 1.40428894e+03,
       1.63885938e+03, 1.40135657e+03, 1.73913074e+03, 1.39838550e+03,
       1.06311182e+03, 1.51848706e+03, 1.15642407e+03, 1.51536731e+03,
       1.25104077e+03, 1.51229407e+03, 1.34739929e+03, 1.50927576e+03,
       1.44473474e+03, 1.50631226e+03, 1.54283582e+03, 1.50350647e+03,
       1.64227783e+03, 1.50075391e+03, 1.74217749e+03, 1.49795947e+03,
       1.06890393e+03, 1.61462183e+03, 1.16183838e+03, 1.61203320e+03,
       1.25609180e+03, 1.60953113e+03, 1.35201587e+03, 1.60693823e+03,
       1.44897913e+03, 1.60447949e+03, 1.54680481e+03, 1.60186597e+03,
       1.64573645e+03, 1.59936096e+03, 1.74532629e+03, 1.59682471e+03,
       1.07515076e+03, 1.71027808e+03, 1.16776379e+03, 1.70831335e+03,
       1.26157544e+03, 1.70613879e+03, 1.35712805e+03, 1.70406860e+03,
       1.45368164e+03, 1.70181873e+03, 1.55105542e+03, 1.69975317e+03,
       1.64954968e+03, 1.69736365e+03, 1.74857434e+03, 1.69504895e+03,
       1.08182642e+03, 1.80469080e+03, 1.17403320e+03, 1.80323914e+03,
       1.26751831e+03, 1.80176440e+03, 1.36254517e+03, 1.79994543e+03,
       1.45855847e+03, 1.79817590e+03, 1.55547131e+03, 1.79619226e+03,
       1.65349585e+03, 1.79413672e+03, 1.75208765e+03, 1.79205627e+03 ]
   - [ 1.28929773e+03, 1.32137585e+03, 1.38661304e+03, 1.31761511e+03,
       1.48523962e+03, 1.31405200e+03, 1.58486365e+03, 1.31086279e+03,
       1.68518213e+03, 1.30775171e+03, 1.78594885e+03, 1.30490735e+03,
       1.88736975e+03, 1.30220801e+03, 1.98890320e+03, 1.29976013e+03,
       1.29329578e+03, 1.42010400e+03, 1.39054761e+03, 1.41664148e+03,
       1.48863281e+03, 1.41359790e+03, 1.58817029e+03, 1.41054724e+03,
       1.68819556e+03, 1.40773425e+03, 1.78867224e+03, 1.40498096e+03,
       1.88983862e+03, 1.40238892e+03, 1.99107141e+03, 1.39999377e+03,
       1.29763049e+03, 1.51840894e+03, 1.39468591e+03, 1.51553943e+03,
       1.49265613e+03, 1.51265137e+03, 1.59175647e+03, 1.50998291e+03,
       1.69144800e+03, 1.50736353e+03, 1.79144336e+03, 1.50488123e+03,
       1.89230066e+03, 1.50233362e+03, 1.99329834e+03, 1.49989185e+03,
       1.30266772e+03, 1.61595618e+03, 1.39920557e+03, 1.61348694e+03,
       1.49677551e+03, 1.61113538e+03, 1.59541370e+03, 1.60850208e+03,
       1.69483911e+03, 1.60624500e+03, 1.79436060e+03, 1.60381909e+03,
       1.89480688e+03, 1.60142212e+03, 1.99539063e+03, 1.59902783e+03,
       1.30798206e+03, 1.71289771e+03, 1.40415649e+03, 1.71084961e+03,
       1.50120544e+03, 1.70881396e+03, 1.59944543e+03, 1.70657739e+03,
       1.69831128e+03, 1.70447729e+03, 1.79755518e+03, 1.70224475e+03,
       1.89748340e+03, 1.69988599e+03, 1.99741687e+03, 1.69764014e+03,
       1.31369446e+03, 1.80870764e+03, 1.40926355e+03, 1.80695679e+03,
       1.50591016e+03, 1.80528784e+03, 1.60368860e+03, 1.80338416e+03,
       1.70205457e+03, 1.80151929e+03, 1.80070068e+03, 1.79935120e+03,
       1.90008411e+03, 1.79711682e+03, 1.99958716e+03, 1.79484949e+03 ]
   - [ 1.53698645e+03, 1.32016626e+03, 1.63709131e+03, 1.31713464e+03,
       1.73788501e+03, 1.31414221e+03, 1.83943079e+03, 1.31149048e+03,
       1.94101050e+03, 1.30908484e+03, 2.04253870e+03, 1.30683777e+03,
       2.14421655e+03, 1.30476257e+03, 2.24547534e+03, 1.30310522e+03,
       1.54041650e+03, 1.41990967e+03, 1.64035779e+03, 1.41708850e+03,
       1.74077588e+03, 1.41428137e+03, 1.84197156e+03, 1.41176489e+03,
       1.94326855e+03, 1.40953101e+03, 2.04448499e+03, 1.40728162e+03,
       2.14583252e+03, 1.40521643e+03, 2.24689648e+03, 1.40326221e+03,
       1.54408679e+03, 1.51935400e+03, 1.64370288e+03, 1.51678650e+03,
       1.74378992e+03, 1.51428833e+03, 1.84461902e+03, 1.51190173e+03,
       1.94558398e+03, 1.50960254e+03, 2.04643127e+03, 1.50737048e+03,
       2.14739087e+03, 1.50512634e+03, 2.24817358e+03, 1.50309534e+03,
       1.54807910e+03, 1.61798706e+03, 1.64721155e+03, 1.61567395e+03,
       1.74697498e+03, 1.61335303e+03, 1.84736426e+03, 1.61102112e+03,
       1.94786829e+03, 1.60881030e+03, 2.04820703e+03, 1.60652637e+03,
       2.14888770e+03, 1.60423816e+03, 2.24901196e+03, 1.60209473e+03,
       1.55223987e+03, 1.71579089e+03, 1.65106030e+03, 1.71381689e+03,
       1.75027039e+03, 1.71167310e+03, 1.85009131e+03, 1.70960156e+03,
       1.95018811e+03, 1.70741528e+03, 2.05020874e+03, 1.70515479e+03,
       2.15027905e+03, 1.70284375e+03, 2.24991211e+03, 1.70052673e+03,
       1.55677148e+03, 1.81260889e+03, 1.65504370e+03, 1.81069299e+03,
       1.75372241e+03, 1.80880139e+03, 1.85304504e+03, 1.80680493e+03,
       1.95261292e+03, 1.80478247e+03, 2.05197437e+03, 1.80241406e+03,
       2.15162915e+03, 1.80014368e+03, 2.25075391e+03, 1.79769104e+03 ]
   - [ 6.28040222e+02, 1.10005969e+03, 7.11635315e+02, 1.09324097e+03,
       7.97305969e+02, 1.08661682e+03, 8.85041016e+02, 1.08021716e+03,
       9.74606323e+02, 1.07417761e+03, 1.06564099e+03, 1.06833887e+03,
       1.15869739e+03, 1.06271497e+03, 1.25311353e+03, 1.05747119e+03,
       6.31157593e+02, 1.19270239e+03, 7.14839111e+02, 1.18664319e+03,
       8.00311890e+02, 1.18075037e+03, 8.88042969e+02, 1.17507434e+03,
       9.77489746e+02, 1.16963782e+03, 1.06858997e+03, 1.16430981e+03,
       1.16147534e+03, 1.15934082e+03, 1.25588647e+03, 1.15446265e+03,
       6.34978271e+02, 1.28564551e+03, 7.18607056e+02, 1.28028418e+03,
       8.04214294e+02, 1.27511462e+03, 8.91761902e+02, 1.27017236e+03,
       9.81109192e+02, 1.26532422e+03, 1.07208191e+03, 1.26062512e+03,
       1.16489990e+03, 1.25611877e+03, 1.25914075e+03, 1.25175098e+03,
       6.39838684e+02, 1.37826831e+03, 7.23189575e+02, 1.37373132e+03,
       8.08613281e+02, 1.36926697e+03, 8.96067627e+02, 1.36493469e+03,
       9.85346558e+02, 1.36079871e+03, 1.07606677e+03, 1.35664050e+03,
       1.16865588e+03, 1.35260510e+03, 1.26278235e+03, 1.34878259e+03,
       6.45283142e+02, 1.47075854e+03, 7.28664673e+02, 1.46699390e+03,
       8.13809509e+02, 1.46332288e+03, 9.01109802e+02, 1.45966003e+03,
       9.90134583e+02, 1.45606860e+03, 1.08074463e+03, 1.45251648e+03,
       1.17305469e+03, 1.44897217e+03, 1.26688293e+03, 1.44570728e+03,
       6.51518921e+02, 1.56265747e+03, 7.34674683e+02, 1.55967383e+03,
       8.19590881e+02, 1.55660950e+03, 9.06823303e+02, 1.55359241e+03,
       9.95549561e+02, 1.55068420e+03, 1.08584949e+03, 1.54773352e+03,
       1.17802197e+03, 1.54467590e+03, 1.27143347e+03, 1.54193286e+03 ]
   - [ 8.39448486e+02, 1.09067712e+03, 9.28113037e+02, 1.08451514e+03,
       1.01855652e+03, 1.07836987e+03, 1.11092358e+03, 1.07270679e+03,
       1.20456165e+03, 1.06737878e+03, 1.29962927e+03, 1.06227893e+03,
       1.39618689e+03, 1.05748486e+03, 1.49382495e+03, 1.05308215e+03,
       8.42682739e+02, 1.18528284e+03, 9.31228088e+02, 1.17966357e+03,
       1.02155591e+03, 1.17428369e+03, 1.11380457e+03, 1.16922681e+03,
       1.20758398e+03, 1.16427246e+03, 1.30247461e+03, 1.15971826e+03,
       1.39884265e+03, 1.15537903e+03, 1.49636829e+03, 1.15118433e+03,
       8.46361450e+02, 1.28013757e+03, 9.35018066e+02, 1.27524377e+03,
       1.02521350e+03, 1.27046423e+03, 1.11730884e+03, 1.26583069e+03,
       1.21090735e+03, 1.26156995e+03, 1.30569080e+03, 1.25733008e+03,
       1.40199866e+03, 1.25325781e+03, 1.49932410e+03, 1.24958044e+03,
       8.50951660e+02, 1.37464294e+03, 9.39354309e+02, 1.37042151e+03,
       1.02938013e+03, 1.36626111e+03, 1.12137012e+03, 1.36221289e+03,
       1.21474988e+03, 1.35851855e+03, 1.30932458e+03, 1.35468042e+03,
       1.40542834e+03, 1.35102661e+03, 1.50248865e+03, 1.34766418e+03,
       8.56159424e+02, 1.46907129e+03, 9.44438110e+02, 1.46549316e+03,
       1.03422498e+03, 1.46196338e+03, 1.12596558e+03, 1.45845972e+03,
       1.21912244e+03, 1.45511084e+03, 1.31338245e+03, 1.45195093e+03,
       1.40933606e+03, 1.44871814e+03, 1.50613904e+03, 1.44563562e+03,
       8.62062012e+02, 1.56289099e+03, 9.50014771e+02, 1.55983459e+03,
       1.03952734e+03, 1.55694788e+03, 1.13114465e+03, 1.55405029e+03,
       1.22386963e+03, 1.55136951e+03, 1.31797034e+03, 1.54838208e+03,
       1.41338855e+03, 1.54561890e+03, 1.50990845e+03, 1.54285913e+03 ]
   - [ 1.06482129e+03, 1.08221790e+03, 1.15794763e+03, 1.07661206e+03,
       1.25250110e+03, 1.07138708e+03, 1.34866589e+03, 1.06652551e+03,
       1.44573206e+03, 1.06203076e+03, 1.54371179e+03, 1.05795203e+03,
       1.64289185e+03, 1.05400183e+03, 1.74263098e+03, 1.05060510e+03,
       1.06781152e+03, 1.17845190e+03, 1.16096777e+03, 1.17352148e+03,
       1.25531470e+03, 1.16872437e+03, 1.35137244e+03, 1.16431360e+03,
       1.44836682e+03, 1.16021594e+03, 1.54631763e+03, 1.15636340e+03,
       1.64529358e+03, 1.15286108e+03, 1.74497205e+03, 1.14952734e+03,
       1.07137305e+03, 1.27491724e+03, 1.16435059e+03, 1.27056372e+03,
       1.25869043e+03, 1.26638708e+03, 1.35460315e+03, 1.26226782e+03,
       1.45147864e+03, 1.25859863e+03, 1.54907971e+03, 1.25514734e+03,
       1.64804712e+03, 1.25171338e+03, 1.74755078e+03, 1.24859387e+03,
       1.07563708e+03, 1.37141357e+03, 1.16825610e+03, 1.36740979e+03,
       1.26246289e+03, 1.36365576e+03, 1.35810144e+03, 1.36001843e+03,
       1.45482898e+03, 1.35674756e+03, 1.55233423e+03, 1.35339819e+03,
       1.65091797e+03, 1.35032336e+03, 1.75012549e+03, 1.34737537e+03,
       1.08032422e+03, 1.46739929e+03, 1.17295984e+03, 1.46392603e+03,
       1.26667578e+03, 1.46070435e+03, 1.36208081e+03, 1.45767395e+03,
       1.45856384e+03, 1.45459875e+03, 1.55573193e+03, 1.45163562e+03,
       1.65401257e+03, 1.44875098e+03, 1.75293408e+03, 1.44609045e+03,
       1.08559607e+03, 1.56271521e+03, 1.17783936e+03, 1.55989001e+03,
       1.27137939e+03, 1.55717664e+03, 1.36643945e+03, 1.55443384e+03,
       1.46259595e+03, 1.55187061e+03, 1.55941772e+03, 1.54906384e+03,
       1.65737720e+03, 1.54657983e+03, 1.75591101e+03, 1.54396729e+03 ]
   - [ 1.29882544e+03, 1.07601880e+03, 1.39559119e+03, 1.07139429e+03,
       1.49333923e+03, 1.06698535e+03, 1.59233594e+03, 1.06314148e+03,
       1.69172681e+03, 1.05960107e+03, 1.79171277e+03, 1.05646680e+03,
       1.89233557e+03, 1.05367639e+03, 1.99298340e+03, 1.05120667e+03,
       1.30173926e+03, 1.17380627e+03, 1.39831104e+03, 1.16949329e+03,
       1.49593420e+03, 1.16551855e+03, 1.59480237e+03, 1.16184351e+03,
       1.69422766e+03, 1.15859155e+03, 1.79406702e+03, 1.15558203e+03,
       1.89449500e+03, 1.15280969e+03, 1.99502380e+03, 1.15043750e+03,
       1.30483264e+03, 1.27171497e+03, 1.40146399e+03, 1.26785217e+03,
       1.49888635e+03, 1.26425940e+03, 1.59752856e+03, 1.26083521e+03,
       1.69674048e+03, 1.25786182e+03, 1.79641089e+03, 1.25498450e+03,
       1.89673450e+03, 1.25227686e+03, 1.99718396e+03, 1.24983948e+03,
       1.30867346e+03, 1.36930579e+03, 1.40499817e+03, 1.36582593e+03,
       1.50215503e+03, 1.36259827e+03, 1.60063965e+03, 1.35947009e+03,
       1.69953015e+03, 1.35671814e+03, 1.79894788e+03, 1.35386975e+03,
       1.89898169e+03, 1.35133997e+03, 1.99908032e+03, 1.34899707e+03,
       1.31286121e+03, 1.46678943e+03, 1.40877466e+03, 1.46376086e+03,
       1.50569604e+03, 1.46078040e+03, 1.60385278e+03, 1.45796252e+03,
       1.70257751e+03, 1.45541882e+03, 1.80164063e+03, 1.45275830e+03,
       1.90131665e+03, 1.45024512e+03, 2.00115955e+03, 1.44805396e+03,
       1.31746094e+03, 1.56346167e+03, 1.41300647e+03, 1.56073706e+03,
       1.50967529e+03, 1.55829895e+03, 1.60737817e+03, 1.55571338e+03,
       1.70572827e+03, 1.55328613e+03, 1.80440210e+03, 1.55070728e+03,
       1.90385083e+03, 1.54838037e+03, 2.00323743e+03, 1.54619238e+03 ]
   - [ 1.54438147e+03, 1.07259387e+03, 1.64369507e+03, 1.06885498e+03,
       1.74368225e+03, 1.06550745e+03, 1.84431384e+03, 1.06259241e+03,
       1.94504041e+03, 1.06005908e+03, 2.04579797e+03, 1.05791699e+03,
       2.14660962e+03, 1.05620435e+03, 2.24704321e+03, 1.05492920e+03,
       1.54690405e+03, 1.17134180e+03, 1.64622058e+03, 1.16790649e+03,
       1.74594836e+03, 1.16467761e+03, 1.84656409e+03, 1.16191394e+03,
       1.94721960e+03, 1.15944348e+03, 2.04770483e+03, 1.15727197e+03,
       2.14838794e+03, 1.15552625e+03, 2.24867041e+03, 1.15401880e+03,
       1.54969263e+03, 1.27020483e+03, 1.64894360e+03, 1.26714246e+03,
       1.74849915e+03, 1.26415063e+03, 1.84887585e+03, 1.26144189e+03,
       1.94934229e+03, 1.25913452e+03, 2.04966602e+03, 1.25693530e+03,
       2.15009521e+03, 1.25504492e+03, 2.25027612e+03, 1.25344275e+03,
       1.55301404e+03, 1.36890308e+03, 1.65185315e+03, 1.36590454e+03,
       1.75125073e+03, 1.36320959e+03, 1.85132715e+03, 1.36059509e+03,
       1.95140369e+03, 1.35835742e+03, 2.05157715e+03, 1.35621350e+03,
       2.15167065e+03, 1.35410950e+03, 2.25154248e+03, 1.35246289e+03,
       1.55627686e+03, 1.46736792e+03, 1.65500854e+03, 1.46463623e+03,
       1.75400403e+03, 1.46215186e+03, 1.85375244e+03, 1.45974695e+03,
       1.95354053e+03, 1.45748010e+03, 2.05340771e+03, 1.45525696e+03,
       2.15325098e+03, 1.45318408e+03, 2.25278223e+03, 1.45134595e+03,
       1.56004797e+03, 1.56510388e+03, 1.65835352e+03, 1.56260645e+03,
       1.75706714e+03, 1.56022571e+03, 1.85639392e+03, 1.55793958e+03,
       1.95581238e+03, 1.55583093e+03, 2.05519263e+03, 1.55354053e+03,
       2.15471118e+03, 1.55140515e+03, 2.25378003e+03, 1.54940588e+03 ]
   - [ 6.47182800e+02, 8.69393494e+02, 7.30216858e+02, 8.60727844e+02,
       8.15095825e+02, 8.52592163e+02, 9.02272156e+02, 8.44758728e+02,
       9.90914246e+02, 8.37279724e+02, 1.08112781e+03, 8.30232727e+02,
       1.17323035e+03, 8.23465210e+02, 1.26667615e+03, 8.17319702e+02,
       6.48376892e+02, 9.60174866e+02, 7.31334961e+02, 9.52337891e+02,
       8.16460327e+02, 9.44868835e+02, 9.03441345e+02, 9.37604797e+02,
       9.92242126e+02, 9.30797852e+02, 1.08261658e+03, 9.24214844e+02,
       1.17475879e+03, 9.18070923e+02, 1.26824573e+03, 9.12256531e+02,
       6.50081360e+02, 1.05156921e+03, 7.33376831e+02, 1.04456689e+03,
       8.18352478e+02, 1.03767834e+03, 9.05471008e+02, 1.03117249e+03,
       9.94244263e+02, 1.02490295e+03, 1.08463196e+03, 1.01899280e+03,
       1.17670227e+03, 1.01329706e+03, 1.27023633e+03, 1.00780450e+03,
       6.52861816e+02, 1.14326904e+03, 7.36025146e+02, 1.13693127e+03,
       8.21074158e+02, 1.13073328e+03, 9.08162842e+02, 1.12486292e+03,
       9.96878052e+02, 1.11923584e+03, 1.08712219e+03, 1.11374280e+03,
       1.17930859e+03, 1.10854968e+03, 1.27278210e+03, 1.10367126e+03,
       6.56386841e+02, 1.23501416e+03, 7.39505615e+02, 1.22952185e+03,
       8.24391418e+02, 1.22404187e+03, 9.11463196e+02, 1.21888354e+03,
       1.00010431e+03, 1.21381665e+03, 1.09022986e+03, 1.20889331e+03,
       1.18225586e+03, 1.20428687e+03, 1.27562964e+03, 1.19985083e+03,
       6.60660889e+02, 1.32669202e+03, 7.43615967e+02, 1.32183337e+03,
       8.28448730e+02, 1.31723328e+03, 9.15403198e+02, 1.31257678e+03,
       1.00389587e+03, 1.30820972e+03, 1.09388306e+03, 1.30382495e+03,
       1.18575171e+03, 1.29964233e+03, 1.27894177e+03, 1.29575366e+03 ]
   - [ 8.56908508e+02, 8.55754517e+02, 9.44794800e+02, 8.48037231e+02,
       1.03443567e+03, 8.40696777e+02, 1.12593457e+03, 8.33845947e+02,
       1.21873267e+03, 8.27366821e+02, 1.31268835e+03, 8.21423401e+02,
       1.40822839e+03, 8.15854065e+02, 1.50469971e+03, 8.10752930e+02,
       8.58299988e+02, 9.48434814e+02, 9.46342041e+02, 9.41298828e+02,
       1.03589612e+03, 9.34628113e+02, 1.12741858e+03, 9.28188354e+02,
       1.22030042e+03, 9.22320435e+02, 1.31429443e+03, 9.16670715e+02,
       1.40984033e+03, 9.11501221e+02, 1.50645361e+03, 9.06712952e+02,
       8.60278809e+02, 1.04176440e+03, 9.48375549e+02, 1.03532092e+03,
       1.03797620e+03, 1.02917908e+03, 1.12950745e+03, 1.02337573e+03,
       1.22234863e+03, 1.01794183e+03, 1.31640564e+03, 1.01275232e+03,
       1.41196875e+03, 1.00789655e+03, 1.50852087e+03, 1.00346844e+03,
       8.63104797e+02, 1.13514417e+03, 9.51068298e+02, 1.12936023e+03,
       1.04068140e+03, 1.12390295e+03, 1.13216565e+03, 1.11862891e+03,
       1.22490283e+03, 1.11373901e+03, 1.31897595e+03, 1.10884509e+03,
       1.41435718e+03, 1.10441895e+03, 1.51093274e+03, 1.10029968e+03,
       8.66513489e+02, 1.22899255e+03, 9.54483704e+02, 1.22381140e+03,
       1.04390161e+03, 1.21889539e+03, 1.13525806e+03, 1.21420410e+03,
       1.22796082e+03, 1.20965649e+03, 1.32184998e+03, 1.20541296e+03,
       1.41719995e+03, 1.20119910e+03, 1.51350635e+03, 1.19751758e+03,
       8.70617188e+02, 1.32256018e+03, 9.58366638e+02, 1.31801245e+03,
       1.04772375e+03, 1.31364258e+03, 1.13892017e+03, 1.30948486e+03,
       1.23146838e+03, 1.30555469e+03, 1.32518994e+03, 1.30155823e+03,
       1.42032715e+03, 1.29784094e+03, 1.51651001e+03, 1.29441772e+03 ]
   - [ 1.08001843e+03, 8.43577087e+02, 1.17224182e+03, 8.36945313e+02,
       1.26578516e+03, 8.30694458e+02, 1.36094019e+03, 8.25011169e+02,
       1.45695447e+03, 8.19607056e+02, 1.55389478e+03, 8.15002014e+02,
       1.65189807e+03, 8.10735535e+02, 1.75037769e+03, 8.07030090e+02,
       1.08159045e+03, 9.37874939e+02, 1.17387427e+03, 9.31689392e+02,
       1.26745447e+03, 9.25952515e+02, 1.36258423e+03, 9.20565125e+02,
       1.45870544e+03, 9.15815552e+02, 1.55567273e+03, 9.11322266e+02,
       1.65369580e+03, 9.07277344e+02, 1.75225415e+03, 9.03675842e+02,
       1.08356238e+03, 1.03288110e+03, 1.17602368e+03, 1.02722937e+03,
       1.26957605e+03, 1.02199780e+03, 1.36470227e+03, 1.01704926e+03,
       1.46083179e+03, 1.01252484e+03, 1.55776636e+03, 1.00831781e+03,
       1.65574731e+03, 1.00445007e+03, 1.75430029e+03, 1.00109705e+03,
       1.08633264e+03, 1.12804858e+03, 1.17857324e+03, 1.12293420e+03,
       1.27214307e+03, 1.11807800e+03, 1.36715845e+03, 1.11353516e+03,
       1.46325696e+03, 1.10933838e+03, 1.56008789e+03, 1.10548108e+03,
       1.65793726e+03, 1.10182776e+03, 1.75649109e+03, 1.09858838e+03,
       1.08959106e+03, 1.22351147e+03, 1.18179138e+03, 1.21883484e+03,
       1.27520178e+03, 1.21453589e+03, 1.37007471e+03, 1.21036523e+03,
       1.46603833e+03, 1.20646460e+03, 1.56274731e+03, 1.20295215e+03,
       1.66051794e+03, 1.19961353e+03, 1.75874731e+03, 1.19658801e+03,
       1.09340149e+03, 1.31864832e+03, 1.18546277e+03, 1.31448950e+03,
       1.27863538e+03, 1.31062402e+03, 1.37343372e+03, 1.30687830e+03,
       1.46909534e+03, 1.30348596e+03, 1.56555652e+03, 1.30009973e+03,
       1.66316138e+03, 1.29703027e+03, 1.76131189e+03, 1.29414148e+03 ]
   - [ 1.31145496e+03, 8.34422913e+02, 1.40718555e+03, 8.28931946e+02,
       1.50382910e+03, 8.23911377e+02, 1.60168469e+03, 8.19484314e+02,
       1.69991675e+03, 8.15542786e+02, 1.79874780e+03, 8.12123962e+02,
       1.89812744e+03, 8.09304626e+02, 1.99760132e+03, 8.06985840e+02,
       1.31311938e+03, 9.30107544e+02, 1.40897034e+03, 9.24985291e+02,
       1.50564050e+03, 9.20307800e+02, 1.60341785e+03, 9.16096863e+02,
       1.70184509e+03, 9.12361816e+02, 1.80062830e+03, 9.09085571e+02,
       1.89995068e+03, 9.06360535e+02, 1.99949890e+03, 9.04014526e+02,
       1.31517114e+03, 1.02639868e+03, 1.41097766e+03, 1.02166498e+03,
       1.50772693e+03, 1.01735187e+03, 1.60555042e+03, 1.01345294e+03,
       1.70381604e+03, 1.00986548e+03, 1.80257825e+03, 1.00678552e+03,
       1.90196558e+03, 1.00402289e+03, 2.00148279e+03, 1.00168512e+03,
       1.31782117e+03, 1.12292505e+03, 1.41352905e+03, 1.11855432e+03,
       1.51003101e+03, 1.11457080e+03, 1.60780920e+03, 1.11092529e+03,
       1.70605542e+03, 1.10758704e+03, 1.80477222e+03, 1.10449915e+03,
       1.90402026e+03, 1.10173047e+03, 2.00344556e+03, 1.09947632e+03,
       1.32083179e+03, 1.21965137e+03, 1.41631030e+03, 1.21574780e+03,
       1.51276526e+03, 1.21204333e+03, 1.61035327e+03, 1.20864099e+03,
       1.70849646e+03, 1.20549487e+03, 1.80701697e+03, 1.20257678e+03,
       1.90610193e+03, 1.20005652e+03, 2.00533765e+03, 1.19772388e+03,
       1.32412927e+03, 1.31607129e+03, 1.41951379e+03, 1.31255151e+03,
       1.51571704e+03, 1.30922107e+03, 1.61316309e+03, 1.30611462e+03,
       1.71113037e+03, 1.30322510e+03, 1.80940869e+03, 1.30043774e+03,
       1.90830139e+03, 1.29795056e+03, 2.00731348e+03, 1.29568835e+03 ]
   - [ 1.55376184e+03, 8.28731750e+02, 1.65217859e+03, 8.24487122e+02,
       1.75085645e+03, 8.20745422e+02, 1.85029639e+03, 8.17807678e+02,
       1.94984387e+03, 8.15299072e+02, 2.04924512e+03, 8.13249207e+02,
       2.14883252e+03, 8.11748657e+02, 2.24806982e+03, 8.10841858e+02,
       1.55561328e+03, 9.25419800e+02, 1.65393152e+03, 9.21424011e+02,
       1.75271045e+03, 9.17860779e+02, 1.85218311e+03, 9.14874390e+02,
       1.95174365e+03, 9.12512573e+02, 2.05119238e+03, 9.10479431e+02,
       2.15077710e+03, 9.09022766e+02, 2.24999365e+03, 9.07843872e+02,
       1.55766296e+03, 1.02274719e+03, 1.65602307e+03, 1.01902155e+03,
       1.75481519e+03, 1.01561768e+03, 1.85417773e+03, 1.01279242e+03,
       1.95372998e+03, 1.01042029e+03, 2.05306860e+03, 1.00836407e+03,
       2.15269409e+03, 1.00675159e+03, 2.25191846e+03, 1.00546027e+03,
       1.55996973e+03, 1.12020776e+03, 1.65831885e+03, 1.11669775e+03,
       1.75690906e+03, 1.11364197e+03, 1.85629187e+03, 1.11075183e+03,
       1.95565503e+03, 1.10846814e+03, 2.05500952e+03, 1.10648071e+03,
       2.15441553e+03, 1.10468848e+03, 2.25357275e+03, 1.10328638e+03,
       1.56271985e+03, 1.21792175e+03, 1.66074646e+03, 1.21466858e+03,
       1.75929016e+03, 1.21171777e+03, 1.85846619e+03, 1.20920105e+03,
       1.95772717e+03, 1.20667969e+03, 2.05688086e+03, 1.20469238e+03,
       2.15616382e+03, 1.20295129e+03, 2.25502246e+03, 1.20146338e+03,
       1.56562183e+03, 1.31538159e+03, 1.66348828e+03, 1.31244995e+03,
       1.76174902e+03, 1.30966736e+03, 1.86077368e+03, 1.30708301e+03,
       1.95977039e+03, 1.30492676e+03, 2.05866943e+03, 1.30272119e+03,
       2.15763574e+03, 1.30083838e+03, 2.25649609e+03, 1.29933020e+03 ]
   - [ 6.69002014e+02, 6.49285645e+02, 7.51234436e+02, 6.39428162e+02,
       8.35266907e+02, 6.29840820e+02, 9.21371460e+02, 6.20760498e+02,
       1.00890942e+03, 6.12022766e+02, 1.09802551e+03, 6.04006470e+02,
       1.18891028e+03, 5.96321411e+02, 1.28105786e+03, 5.89336304e+02,
       6.68361328e+02, 7.37485474e+02, 7.50665466e+02, 7.28220764e+02,
       8.34790588e+02, 7.19229370e+02, 9.21009277e+02, 7.10667053e+02,
       1.00890790e+03, 7.02622192e+02, 1.09812134e+03, 6.95019165e+02,
       1.18920776e+03, 6.87877502e+02, 1.28150757e+03, 6.81079346e+02,
       6.68213684e+02, 8.26680725e+02, 7.50829285e+02, 8.18092102e+02,
       8.35105286e+02, 8.09830017e+02, 9.21445740e+02, 8.01804688e+02,
       1.00937842e+03, 7.94219910e+02, 1.09872729e+03, 7.87141479e+02,
       1.18993604e+03, 7.80361389e+02, 1.28245605e+03, 7.74109253e+02,
       6.69127380e+02, 9.16346436e+02, 7.51791382e+02, 9.08352600e+02,
       8.36040161e+02, 9.00710144e+02, 9.22405457e+02, 8.93354980e+02,
       1.01052924e+03, 8.86440857e+02, 1.09996155e+03, 8.79729248e+02,
       1.19117041e+03, 8.73458313e+02, 1.28376038e+03, 8.67626099e+02,
       6.70727356e+02, 1.00660693e+03, 7.53270386e+02, 9.99315430e+02,
       8.37634216e+02, 9.92301453e+02, 9.24119873e+02, 9.85627441e+02,
       1.01213458e+03, 9.79272522e+02, 1.10163733e+03, 9.73167419e+02,
       1.19286218e+03, 9.67354675e+02, 1.28546313e+03, 9.62018372e+02,
       6.73019287e+02, 1.09709387e+03, 7.55586487e+02, 1.09045947e+03,
       8.39968201e+02, 1.08419873e+03, 9.26421326e+02, 1.07804834e+03,
       1.01448981e+03, 1.07237317e+03, 1.10390344e+03, 1.06675549e+03,
       1.19518542e+03, 1.06143555e+03, 1.28774170e+03, 1.05646997e+03 ]
   - [ 8.76450073e+02, 6.32105957e+02, 9.63325500e+02, 6.23008606e+02,
       1.05188489e+03, 6.14581604e+02, 1.14208521e+03, 6.06710815e+02,
       1.23366174e+03, 5.99367981e+02, 1.32634583e+03, 5.92565796e+02,
       1.42057312e+03, 5.86386292e+02, 1.51557715e+03, 5.80734070e+02,
       8.76264282e+02, 7.21938477e+02, 9.63263855e+02, 7.13536560e+02,
       1.05186511e+03, 7.05577576e+02, 1.14231531e+03, 6.98108948e+02,
       1.23406653e+03, 6.91176147e+02, 1.32689661e+03, 6.84857239e+02,
       1.42129590e+03, 6.78932678e+02, 1.51650940e+03, 6.73591492e+02,
       8.76489197e+02, 8.12850403e+02, 9.63779175e+02, 8.05035278e+02,
       1.05249829e+03, 7.97588562e+02, 1.14307629e+03, 7.90727478e+02,
       1.23495984e+03, 7.84186035e+02, 1.32801367e+03, 7.78190002e+02,
       1.42241016e+03, 7.72541931e+02, 1.51784302e+03, 7.67493896e+02,
       8.77614136e+02, 9.04306396e+02, 9.64983521e+02, 8.97044678e+02,
       1.05375281e+03, 8.90243896e+02, 1.14439966e+03, 8.83751343e+02,
       1.23630945e+03, 8.77721924e+02, 1.32937061e+03, 8.72082703e+02,
       1.42387549e+03, 8.66804688e+02, 1.51934644e+03, 8.62181763e+02,
       8.79377380e+02, 9.96381348e+02, 9.66787048e+02, 9.89739807e+02,
       1.05553442e+03, 9.83524719e+02, 1.14618970e+03, 9.77573914e+02,
       1.23810229e+03, 9.72096619e+02, 1.33119287e+03, 9.66783813e+02,
       1.42575293e+03, 9.61984558e+02, 1.52120947e+03, 9.57459778e+02,
       8.81770935e+02, 1.08864478e+03, 9.69062012e+02, 1.08262488e+03,
       1.05786328e+03, 1.07698389e+03, 1.14852173e+03, 1.07157813e+03,
       1.24050220e+03, 1.06651025e+03, 1.33344189e+03, 1.06164148e+03,
       1.42801587e+03, 1.05708154e+03, 1.52343787e+03, 1.05294092e+03 ]
   - [ 1.09669031e+03, 6.16700317e+02, 1.18773376e+03, 6.08963074e+02,
       1.28002441e+03, 6.01823853e+02, 1.37385144e+03, 5.95347717e+02,
       1.46842920e+03, 5.89517700e+02, 1.56391382e+03, 5.84305786e+02,
       1.66044092e+03, 5.79635864e+02, 1.75745056e+03, 5.75726563e+02,
       1.09695020e+03, 7.08085754e+02, 1.18809351e+03, 7.00812195e+02,
       1.28057483e+03, 6.94133423e+02, 1.37440271e+03, 6.88021851e+02,
       1.46936902e+03, 6.82539673e+02, 1.56499670e+03, 6.77523499e+02,
       1.66166956e+03, 6.73073486e+02, 1.75892102e+03, 6.69244934e+02,
       1.09756848e+03, 8.00445496e+02, 1.18889856e+03, 7.93796814e+02,
       1.28147937e+03, 7.87509033e+02, 1.37555127e+03, 7.81797180e+02,
       1.47060706e+03, 7.76536072e+02, 1.56636108e+03, 7.71856934e+02,
       1.66305090e+03, 7.67495544e+02, 1.76049280e+03, 7.63872009e+02,
       1.09893140e+03, 8.93600159e+02, 1.19032690e+03, 8.87205261e+02,
       1.28289185e+03, 8.81437439e+02, 1.37703772e+03, 8.76012451e+02,
       1.47217432e+03, 8.71190308e+02, 1.56792285e+03, 8.66621094e+02,
       1.66484204e+03, 8.62585999e+02, 1.76222083e+03, 8.59094482e+02,
       1.10076221e+03, 9.87238708e+02, 1.19215576e+03, 9.81471252e+02,
       1.28486560e+03, 9.76092346e+02, 1.37895313e+03, 9.71068787e+02,
       1.47400464e+03, 9.66552307e+02, 1.56982764e+03, 9.62261658e+02,
       1.66671851e+03, 9.58512085e+02, 1.76410596e+03, 9.55063110e+02,
       1.10306335e+03, 1.08108655e+03, 1.19451282e+03, 1.07586670e+03,
       1.28715076e+03, 1.07088220e+03, 1.38116968e+03, 1.06629529e+03,
       1.47627185e+03, 1.06219495e+03, 1.57202771e+03, 1.05804651e+03,
       1.66883142e+03, 1.05455249e+03, 1.76614087e+03, 1.05128662e+03 ]
   - [ 1.32479480e+03, 6.04799866e+02, 1.41918164e+03, 5.98543884e+02,
       1.51441541e+03, 5.92983215e+02, 1.61079749e+03, 5.88094788e+02,
       1.70764661e+03, 5.83888794e+02, 1.80477356e+03, 5.80307251e+02,
       1.90252686e+03, 5.77287720e+02, 2.00041345e+03, 5.75060730e+02,
       1.32537732e+03, 6.97570007e+02, 1.41998975e+03, 6.91548706e+02,
       1.51539099e+03, 6.86305786e+02, 1.61186121e+03, 6.81563293e+02,
       1.70890710e+03, 6.77486755e+02, 1.80635730e+03, 6.74050659e+02,
       1.90421460e+03, 6.71205078e+02, 2.00230554e+03, 6.68816101e+02,
       1.32627893e+03, 7.91157654e+02, 1.42105481e+03, 7.85639282e+02,
       1.51663428e+03, 7.80692200e+02, 1.61324207e+03, 7.76117798e+02,
       1.71043115e+03, 7.72350586e+02, 1.80795422e+03, 7.68979309e+02,
       1.90597974e+03, 7.66138916e+02, 2.00428064e+03, 7.63855225e+02,
       1.32788110e+03, 8.85477234e+02, 1.42262622e+03, 8.80278870e+02,
       1.51830957e+03, 8.75576111e+02, 1.61494080e+03, 8.71363159e+02,
       1.71211133e+03, 8.67781189e+02, 1.80972974e+03, 8.64454285e+02,
       1.90784680e+03, 8.61655823e+02, 2.00604004e+03, 8.59525879e+02,
       1.32967444e+03, 9.80464417e+02, 1.42453723e+03, 9.75581848e+02,
       1.52017273e+03, 9.71347595e+02, 1.61679724e+03, 9.67334839e+02,
       1.71401062e+03, 9.63834778e+02, 1.81157678e+03, 9.60573975e+02,
       1.90975183e+03, 9.57960693e+02, 2.00789441e+03, 9.55779602e+02,
       1.33209009e+03, 1.07560657e+03, 1.42682410e+03, 1.07118030e+03,
       1.52243811e+03, 1.06719617e+03, 1.61905200e+03, 1.06338416e+03,
       1.71610876e+03, 1.06015393e+03, 1.81360388e+03, 1.05708911e+03,
       1.91177380e+03, 1.05434729e+03, 2.00980603e+03, 1.05221350e+03 ]
   - [ 1.56328662e+03, 5.97056396e+02, 1.65999231e+03, 5.92488403e+02,
       1.75722424e+03, 5.88420105e+02, 1.85519189e+03, 5.85242188e+02,
       1.95311633e+03, 5.82711853e+02, 2.05097192e+03, 5.80926392e+02,
       2.14899805e+03, 5.79628235e+02, 2.24662109e+03, 5.79177673e+02,
       1.56438062e+03, 6.90577271e+02, 1.66132654e+03, 6.86261658e+02,
       1.75867981e+03, 6.82438477e+02, 1.85676636e+03, 6.79262512e+02,
       1.95485730e+03, 6.76884644e+02, 2.05289453e+03, 6.74892822e+02,
       2.15107202e+03, 6.73679016e+02, 2.24893237e+03, 6.72937073e+02,
       1.56556628e+03, 7.85297058e+02, 1.66277795e+03, 7.81135803e+02,
       1.76028540e+03, 7.77500122e+02, 1.85844873e+03, 7.74405029e+02,
       1.95675256e+03, 7.72032166e+02, 2.05486255e+03, 7.70145813e+02,
       2.15309839e+03, 7.68673340e+02, 2.25107129e+03, 7.67854309e+02,
       1.56733191e+03, 8.80583984e+02, 1.66445178e+03, 8.76628174e+02,
       1.76203491e+03, 8.73074768e+02, 1.86025317e+03, 8.70118225e+02,
       1.95854932e+03, 8.67841064e+02, 2.05676514e+03, 8.65801514e+02,
       2.15506494e+03, 8.64336548e+02, 2.25299243e+03, 8.63343506e+02,
       1.56921973e+03, 9.76554932e+02, 1.66633142e+03, 9.72809082e+02,
       1.76393921e+03, 9.69455811e+02, 1.86218835e+03, 9.66653870e+02,
       1.96039709e+03, 9.64293579e+02, 2.05869531e+03, 9.62309326e+02,
       2.15688062e+03, 9.60712097e+02, 2.25486865e+03, 9.59735413e+02,
       1.57136865e+03, 1.07263464e+03, 1.66843262e+03, 1.06909741e+03,
       1.76589880e+03, 1.06604041e+03, 1.86421851e+03, 1.06318677e+03,
       1.96247498e+03, 1.06098096e+03, 2.06041846e+03, 1.05892249e+03,
       2.15870215e+03, 1.05733984e+03, 2.25659863e+03, 1.05610876e+03 ]
   - [ 6.93968689e+02, 4.40629181e+02, 7.75224182e+02, 4.29327332e+02,
       8.58159668e+02, 4.18635498e+02, 9.42973145e+02, 4.08542725e+02,
       1.02932581e+03, 3.98928467e+02, 1.11708582e+03, 3.89874359e+02,
       1.20642480e+03, 3.81563324e+02, 1.29703137e+03, 3.73764343e+02,
       6.91658020e+02, 5.25334900e+02, 7.73099121e+02, 5.14747864e+02,
       8.56251099e+02, 5.04546753e+02, 9.41353516e+02, 4.94936462e+02,
       1.02793848e+03, 4.85845917e+02, 1.11592908e+03, 4.77275543e+02,
       1.20560535e+03, 4.69193115e+02, 1.29655554e+03, 4.61690369e+02,
       6.89922241e+02, 6.11464172e+02, 7.71665222e+02, 6.01390503e+02,
       8.54990967e+02, 5.91850098e+02, 9.40330200e+02, 5.82676147e+02,
       1.02704004e+03, 5.74067505e+02, 1.11535669e+03, 5.65876770e+02,
       1.20517749e+03, 5.58292358e+02, 1.29642395e+03, 5.51135559e+02,
       6.89089722e+02, 6.98343201e+02, 7.70731567e+02, 6.88948303e+02,
       8.54348572e+02, 6.79910583e+02, 9.39798218e+02, 6.71306641e+02,
       1.02683582e+03, 6.63163147e+02, 1.11518445e+03, 6.55463196e+02,
       1.20526794e+03, 6.48358337e+02, 1.29672168e+03, 6.41651550e+02,
       6.88774475e+02, 7.86167847e+02, 7.70747131e+02, 7.77401672e+02,
       8.54347595e+02, 7.69020691e+02, 9.39990784e+02, 7.61064087e+02,
       1.02707385e+03, 7.53350708e+02, 1.11553235e+03, 7.46182007e+02,
       1.20588916e+03, 7.39451721e+02, 1.29735889e+03, 7.33169983e+02,
       6.89338623e+02, 8.74593384e+02, 7.71274841e+02, 8.66482483e+02,
       8.55084045e+02, 8.58720703e+02, 9.40793640e+02, 8.51287170e+02,
       1.02792676e+03, 8.44185974e+02, 1.11665552e+03, 8.37480530e+02,
       1.20691809e+03, 8.31151611e+02, 1.29849951e+03, 8.25253418e+02 ]
   - [ 8.98736572e+02, 4.20023865e+02, 9.84483398e+02, 4.09935608e+02,
       1.07156592e+03, 4.00571869e+02, 1.16053040e+03, 3.91789001e+02,
       1.25044189e+03, 3.83810425e+02, 1.34156140e+03, 3.76304657e+02,
       1.43410767e+03, 3.69566620e+02, 1.52740405e+03, 3.63576385e+02,
       8.97102234e+02, 5.06316986e+02, 9.83009277e+02, 4.96715454e+02,
       1.07031555e+03, 4.87851196e+02, 1.15943188e+03, 4.79559479e+02,
       1.24981323e+03, 4.71842194e+02, 1.34130505e+03, 4.64715027e+02,
       1.43404089e+03, 4.58238861e+02, 1.52773389e+03, 4.52434540e+02,
       8.95904236e+02, 5.93905823e+02, 9.82040161e+02, 5.85006958e+02,
       1.06967114e+03, 5.76545776e+02, 1.15901636e+03, 5.68644165e+02,
       1.24964221e+03, 5.61341858e+02, 1.34125012e+03, 5.54603210e+02,
       1.43429492e+03, 5.48366150e+02, 1.52830432e+03, 5.42867249e+02,
       8.95453674e+02, 6.82470825e+02, 9.81726807e+02, 6.74042603e+02,
       1.06954211e+03, 6.66145630e+02, 1.15909924e+03, 6.58582581e+02,
       1.24990063e+03, 6.51872681e+02, 1.34166907e+03, 6.45383118e+02,
       1.43503296e+03, 6.39389587e+02, 1.52903503e+03, 6.34206665e+02,
       8.95616699e+02, 7.72090271e+02, 9.82043823e+02, 7.64154785e+02,
       1.06995435e+03, 7.56769165e+02, 1.15961475e+03, 7.49824829e+02,
       1.25057324e+03, 7.43321228e+02, 1.34258313e+03, 7.37203430e+02,
       1.43586499e+03, 7.31653076e+02, 1.53021338e+03, 7.26666687e+02,
       8.96385437e+02, 8.62276917e+02, 9.82991760e+02, 8.54839600e+02,
       1.07093884e+03, 8.48094421e+02, 1.16065100e+03, 8.41379578e+02,
       1.25161914e+03, 8.35483032e+02, 1.34374634e+03, 8.29768005e+02,
       1.43730103e+03, 8.24488159e+02, 1.53161731e+03, 8.19769409e+02 ]
   - [ 1.11563757e+03, 4.01843719e+02, 1.20516467e+03, 3.93460602e+02,
       1.29593542e+03, 3.85570343e+02, 1.38816174e+03, 3.78449738e+02,
       1.48114270e+03, 3.72153412e+02, 1.57479639e+03, 3.66507599e+02,
       1.66953931e+03, 3.61572449e+02, 1.76470032e+03, 3.57474884e+02,
       1.11462280e+03, 4.89497681e+02, 1.20436169e+03, 4.81394806e+02,
       1.29539661e+03, 4.74057800e+02, 1.38788916e+03, 4.67202881e+02,
       1.48117065e+03, 4.61209351e+02, 1.57521582e+03, 4.55750458e+02,
       1.67024817e+03, 4.51009308e+02, 1.76576062e+03, 4.47004791e+02,
       1.11390771e+03, 5.78653931e+02, 1.20408948e+03, 5.70992188e+02,
       1.29532935e+03, 5.63897888e+02, 1.38804590e+03, 5.57464844e+02,
       1.48166602e+03, 5.51691101e+02, 1.57584692e+03, 5.46451111e+02,
       1.67123218e+03, 5.41872986e+02, 1.76693774e+03, 5.38010742e+02,
       1.11404236e+03, 6.68616516e+02, 1.20426025e+03, 6.61334229e+02,
       1.29563770e+03, 6.54786255e+02, 1.38861426e+03, 6.48598389e+02,
       1.48239014e+03, 6.43154358e+02, 1.57683911e+03, 6.38119385e+02,
       1.67233337e+03, 6.33716309e+02, 1.76831799e+03, 6.29984680e+02,
       1.11451123e+03, 7.59670166e+02, 1.20501233e+03, 7.52915466e+02,
       1.29647241e+03, 7.46635254e+02, 1.38950061e+03, 7.40868713e+02,
       1.48344592e+03, 7.35642151e+02, 1.57807129e+03, 7.30881958e+02,
       1.67368066e+03, 7.26728271e+02, 1.76976599e+03, 7.23113037e+02,
       1.11553955e+03, 8.51257263e+02, 1.20598572e+03, 8.44993835e+02,
       1.29776123e+03, 8.39109497e+02, 1.39077795e+03, 8.33699219e+02,
       1.48481970e+03, 8.28810547e+02, 1.57946057e+03, 8.24260376e+02,
       1.67528406e+03, 8.20302551e+02, 1.77145923e+03, 8.16768372e+02 ]
   - [ 1.33972266e+03, 3.87738495e+02, 1.43245422e+03, 3.80938385e+02,
       1.52595544e+03, 3.74846954e+02, 1.62068359e+03, 3.69651978e+02,
       1.71567615e+03, 3.65191010e+02, 1.81100842e+03, 3.61424896e+02,
       1.90690845e+03, 3.58424896e+02, 2.00296594e+03, 3.56295868e+02,
       1.33939233e+03, 4.76552307e+02, 1.43235327e+03, 4.70036377e+02,
       1.52621582e+03, 4.64265656e+02, 1.62119495e+03, 4.59187347e+02,
       1.71650110e+03, 4.54855988e+02, 1.81218738e+03, 4.51264404e+02,
       1.90847314e+03, 4.48340271e+02, 2.00478333e+03, 4.46147675e+02,
       1.33941541e+03, 5.66727234e+02, 1.43269141e+03, 5.60619751e+02,
       1.52683350e+03, 5.55065002e+02, 1.62201062e+03, 5.50134216e+02,
       1.71758582e+03, 5.46060181e+02, 1.81355322e+03, 5.42466248e+02,
       1.90996387e+03, 5.39595459e+02, 2.00665100e+03, 5.37396790e+02,
       1.33987146e+03, 6.58003662e+02, 1.43334106e+03, 6.52078552e+02,
       1.52771313e+03, 6.46875305e+02, 1.62295715e+03, 6.42215637e+02,
       1.71885083e+03, 6.38069885e+02, 1.81493713e+03, 6.34740540e+02,
       1.91158398e+03, 6.31965271e+02, 2.00840308e+03, 6.29730713e+02,
       1.34067529e+03, 7.50218262e+02, 1.43435242e+03, 7.44643433e+02,
       1.52881592e+03, 7.39637451e+02, 1.62428882e+03, 7.35265747e+02,
       1.72026685e+03, 7.31388611e+02, 1.81651477e+03, 7.28143982e+02,
       1.91336328e+03, 7.25297607e+02, 2.01019653e+03, 7.23214783e+02,
       1.34191138e+03, 8.43103760e+02, 1.43560852e+03, 8.37915833e+02,
       1.53017908e+03, 8.33250000e+02, 1.62582117e+03, 8.28925110e+02,
       1.72184900e+03, 8.25335327e+02, 1.81821216e+03, 8.22082153e+02,
       1.91512805e+03, 8.19399963e+02, 2.01204797e+03, 8.17225403e+02 ]
   - [ 1.57360657e+03, 3.78220734e+02, 1.66859497e+03, 3.73392517e+02,
       1.76406580e+03, 3.69198425e+02, 1.86013574e+03, 3.65887115e+02,
       1.95619958e+03, 3.63371735e+02, 2.05217505e+03, 3.61704102e+02,
       2.14836279e+03, 3.60711578e+02, 2.24404126e+03, 3.60567291e+02,
       1.57401123e+03, 4.67929779e+02, 1.66935547e+03, 4.63207153e+02,
       1.76505078e+03, 4.59121429e+02, 1.86142542e+03, 4.55928162e+02,
       1.95784546e+03, 4.53436432e+02, 2.05412305e+03, 4.51676453e+02,
       2.15053369e+03, 4.50618744e+02, 2.24657202e+03, 4.50328857e+02,
       1.57458167e+03, 5.59021057e+02, 1.67026697e+03, 5.54481079e+02,
       1.76620251e+03, 5.50638672e+02, 1.86284998e+03, 5.47417175e+02,
       1.95949304e+03, 5.44928833e+02, 2.05606128e+03, 5.43187012e+02,
       2.15274390e+03, 5.41984924e+02, 2.24909204e+03, 5.41621521e+02,
       1.57561084e+03, 6.51092346e+02, 1.67136316e+03, 6.46696289e+02,
       1.76759094e+03, 6.42985107e+02, 1.86435291e+03, 6.39815247e+02,
       1.96122498e+03, 6.37514038e+02, 2.05794482e+03, 6.35623230e+02,
       2.15480884e+03, 6.34439087e+02, 2.25136646e+03, 6.33841125e+02,
       1.57684424e+03, 7.44260010e+02, 1.67270544e+03, 7.40141479e+02,
       1.76904358e+03, 7.36489502e+02, 1.86598035e+03, 7.33512695e+02,
       1.96296338e+03, 7.31177551e+02, 2.05983691e+03, 7.29327881e+02,
       2.15681958e+03, 7.27971619e+02, 2.25353052e+03, 7.27299438e+02,
       1.57832397e+03, 8.38027039e+02, 1.67434351e+03, 8.34031189e+02,
       1.77082410e+03, 8.30543030e+02, 1.86774561e+03, 8.27711670e+02,
       1.96473022e+03, 8.25411987e+02, 2.06168555e+03, 8.23434021e+02,
       2.15882837e+03, 8.22039124e+02, 2.25554224e+03, 8.21211365e+02 ]
