%YAML:1.0
---
points:
   - [ 5.02969727e+02, 1.30557837e+03, 6.06040588e+02, 1.30357532e+03,
       7.08908020e+02, 1.30149792e+03, 8.11802429e+02, 1.29960364e+03,
       9.14479675e+02, 1.29753455e+03, 1.01687756e+03, 1.29547607e+03,
       1.11955518e+03, 1.29333313e+03, 1.22206714e+03, 1.29116028e+03,
       5.12980896e+02, 1.40723254e+03, 6.15470337e+02, 1.40524854e+03,
       7.17668640e+02, 1.40309253e+03, 8.20150696e+02, 1.40110779e+03,
       9.22211853e+02, 1.39900293e+03, 1.02416492e+03, 1.39683252e+03,
       1.12625903e+03, 1.39467615e+03, 1.22820483e+03, 1.39250037e+03,
       5.22644165e+02, 1.50791028e+03, 6.24672241e+02, 1.50586890e+03,
       7.26426636e+02, 1.50386890e+03, 8.28315979e+02, 1.50169299e+03,
       9.29824219e+02, 1.49955811e+03, 1.03120154e+03, 1.49750696e+03,
       1.13282458e+03, 1.49513745e+03, 1.23429089e+03, 1.49295728e+03,
       5.32377319e+02, 1.60754712e+03, 6.33848816e+02, 1.60534619e+03,
       7.34911072e+02, 1.60323950e+03, 8.36420654e+02, 1.60112085e+03,
       9.37443481e+02, 1.59897070e+03, 1.03827893e+03, 1.59677808e+03,
       1.13934009e+03, 1.59454089e+03, 1.24022473e+03, 1.59225256e+03,
       5.42031677e+02, 1.70614075e+03, 6.42934570e+02, 1.70407202e+03,
       7.43541199e+02, 1.70181104e+03, 8.44273376e+02, 1.69967834e+03,
       9.44971497e+02, 1.69761255e+03, 1.04530762e+03, 1.69531104e+03,
       1.14576587e+03, 1.69304749e+03, 1.24620593e+03, 1.69075476e+03,
       5.51387817e+02, 1.80362439e+03, 6.51900635e+02, 1.80152466e+03,
       7.51953064e+02, 1.79940259e+03, 8.52310974e+02, 1.79706799e+03,
       9.52342773e+02, 1.79502441e+03, 1.05220532e+03, 1.79266064e+03,
       1.15219409e+03, 1.79038037e+03, 1.25199573e+03, 1.78804187e+03 ]
   - [ 7.59104675e+02, 1.30844287e+03, 8.62004944e+02, 1.30636511e+03,
       9.64716553e+02, 1.30416235e+03, 1.06739197e+03, 1.30209937e+03,
       1.16987708e+03, 1.30002637e+03, 1.27222034e+03, 1.29786243e+03,
       1.37467175e+03, 1.29561023e+03, 1.47695667e+03, 1.29349084e+03,
       7.67755981e+02, 1.40992749e+03, 8.70118652e+02, 1.40787158e+03,
       9.72130371e+02, 1.40575977e+03, 1.07439050e+03, 1.40364417e+03,
       1.17641809e+03, 1.40147559e+03, 1.27814099e+03, 1.39928796e+03,
       1.38016211e+03, 1.39700842e+03, 1.48195313e+03, 1.39480688e+03,
       7.76091614e+02, 1.51067004e+03, 8.78030518e+02, 1.50856885e+03,
       9.79558777e+02, 1.50643164e+03, 1.08135803e+03, 1.50424170e+03,
       1.18292249e+03, 1.50208191e+03, 1.28405713e+03, 1.49992725e+03,
       1.38540283e+03, 1.49758716e+03, 1.48678625e+03, 1.49530371e+03,
       7.84600281e+02, 1.61014014e+03, 8.85950989e+02, 1.60801343e+03,
       9.87014404e+02, 1.60584937e+03, 1.08821411e+03, 1.60360364e+03,
       1.18913123e+03, 1.60156848e+03, 1.28979700e+03, 1.59914636e+03,
       1.39073157e+03, 1.59684509e+03, 1.49154297e+03, 1.59455249e+03,
       7.92845032e+02, 1.70872839e+03, 8.93717896e+02, 1.70660620e+03,
       9.94281677e+02, 1.70448157e+03, 1.09496411e+03, 1.70221545e+03,
       1.19533105e+03, 1.69998901e+03, 1.29558411e+03, 1.69785156e+03,
       1.39599719e+03, 1.69549219e+03, 1.49614709e+03, 1.69312720e+03,
       8.01288269e+02, 1.80626343e+03, 9.01495239e+02, 1.80406458e+03,
       1.00147302e+03, 1.80180640e+03, 1.10164905e+03, 1.79958472e+03,
       1.20165479e+03, 1.79738440e+03, 1.30129712e+03, 1.79513794e+03,
       1.40101831e+03, 1.79270471e+03, 1.50068799e+03, 1.79032715e+03 ]
   - [ 1.01682458e+03, 1.31031348e+03, 1.11953052e+03, 1.30835632e+03,
       1.22203381e+03, 1.30618164e+03, 1.32472388e+03, 1.30410974e+03,
       1.42714685e+03, 1.30195227e+03, 1.52929041e+03, 1.29973315e+03,
       1.63166797e+03, 1.29763770e+03, 1.73388477e+03, 1.29532288e+03,
       1.02411926e+03, 1.41198132e+03, 1.12629700e+03, 1.40976721e+03,
       1.22827722e+03, 1.40762451e+03, 1.33038269e+03, 1.40551599e+03,
       1.43229871e+03, 1.40351685e+03, 1.53392676e+03, 1.40120044e+03,
       1.63580139e+03, 1.39907678e+03, 1.73749939e+03, 1.39673352e+03,
       1.03120850e+03, 1.51272742e+03, 1.13292346e+03, 1.51058801e+03,
       1.23432483e+03, 1.50841589e+03, 1.33603955e+03, 1.50621814e+03,
       1.43742725e+03, 1.50398120e+03, 1.53845642e+03, 1.50180261e+03,
       1.63990002e+03, 1.49957434e+03, 1.74104297e+03, 1.49718970e+03,
       1.03842053e+03, 1.61213489e+03, 1.13953955e+03, 1.60995300e+03,
       1.24038513e+03, 1.60783667e+03, 1.34148901e+03, 1.60560168e+03,
       1.44235095e+03, 1.60346936e+03, 1.54296790e+03, 1.60114185e+03,
       1.64377185e+03, 1.59888159e+03, 1.74449036e+03, 1.59654138e+03,
       1.04547632e+03, 1.71081433e+03, 1.14612048e+03, 1.70869727e+03,
       1.24638574e+03, 1.70639807e+03, 1.34700598e+03, 1.70423474e+03,
       1.44736292e+03, 1.70191516e+03, 1.54744897e+03, 1.69980383e+03,
       1.64775085e+03, 1.69738416e+03, 1.74785022e+03, 1.69505408e+03,
       1.05237708e+03, 1.80815942e+03, 1.15251245e+03, 1.80601025e+03,
       1.25237842e+03, 1.80392358e+03, 1.35241235e+03, 1.80156873e+03,
       1.45218970e+03, 1.79934790e+03, 1.55179724e+03, 1.79699133e+03,
       1.65162610e+03, 1.79463940e+03, 1.75130115e+03, 1.79233728e+03 ]
   - [ 1.27217798e+03, 1.31278711e+03, 1.37468518e+03, 1.31065698e+03,
       1.47727368e+03, 1.30851233e+03, 1.57980225e+03, 1.30651978e+03,
       1.68214917e+03, 1.30436572e+03, 1.78426550e+03, 1.30223486e+03,
       1.88655981e+03, 1.29999854e+03, 1.98868884e+03, 1.29775623e+03,
       1.27805347e+03, 1.41445789e+03, 1.38022021e+03, 1.41217859e+03,
       1.48198682e+03, 1.41016821e+03, 1.58417200e+03, 1.40799146e+03,
       1.68597546e+03, 1.40588159e+03, 1.78755920e+03, 1.40365308e+03,
       1.88936267e+03, 1.40140442e+03, 1.99095862e+03, 1.39916345e+03,
       1.28375403e+03, 1.51510071e+03, 1.38551172e+03, 1.51297668e+03,
       1.48696191e+03, 1.51073999e+03, 1.58851282e+03, 1.50862781e+03,
       1.68979907e+03, 1.50645862e+03, 1.79072717e+03, 1.50431531e+03,
       1.89205420e+03, 1.50199121e+03, 1.99325208e+03, 1.49965125e+03,
       1.28968567e+03, 1.61458069e+03, 1.39075793e+03, 1.61242175e+03,
       1.49166528e+03, 1.61035046e+03, 1.59262317e+03, 1.60795898e+03,
       1.69352930e+03, 1.60590527e+03, 1.79387573e+03, 1.60363464e+03,
       1.89469189e+03, 1.60134290e+03, 1.99538025e+03, 1.59899792e+03,
       1.29542310e+03, 1.71324341e+03, 1.39603418e+03, 1.71108105e+03,
       1.49633496e+03, 1.70895947e+03, 1.59682971e+03, 1.70665979e+03,
       1.69712085e+03, 1.70451843e+03, 1.79714819e+03, 1.70226099e+03,
       1.89741003e+03, 1.69988989e+03, 1.99741687e+03, 1.69764026e+03,
       1.30111731e+03, 1.81073889e+03, 1.40107507e+03, 1.80845984e+03,
       1.50095325e+03, 1.80634985e+03, 1.60098059e+03, 1.80408557e+03,
       1.70077881e+03, 1.80194202e+03, 1.80022595e+03, 1.79957239e+03,
       1.89996924e+03, 1.79721033e+03, 1.99957678e+03, 1.79488599e+03 ]
   - [ 1.53075122e+03, 1.31545264e+03, 1.63326355e+03, 1.31347498e+03,
       1.73568945e+03, 1.31129773e+03, 1.83829456e+03, 1.30922156e+03,
       1.94055566e+03, 1.30714014e+03, 2.04259387e+03, 1.30496106e+03,
       2.14481714e+03, 1.30269336e+03, 2.24685742e+03, 1.30058362e+03,
       1.53534277e+03, 1.41707971e+03, 1.63744250e+03, 1.41502417e+03,
       1.73925000e+03, 1.41281104e+03, 1.84126978e+03, 1.41071594e+03,
       1.94301953e+03, 1.40872205e+03, 2.04452002e+03, 1.40652466e+03,
       2.14618701e+03, 1.40432104e+03, 2.24780762e+03, 1.40203308e+03,
       1.53983179e+03, 1.51783301e+03, 1.64142346e+03, 1.51574597e+03,
       1.74272791e+03, 1.51362415e+03, 1.84421533e+03, 1.51150610e+03,
       1.94547290e+03, 1.50936072e+03, 2.04644812e+03, 1.50716357e+03,
       2.14757153e+03, 1.50483093e+03, 2.24875342e+03, 1.50258435e+03,
       1.54431494e+03, 1.61740076e+03, 1.64530396e+03, 1.61528796e+03,
       1.74617944e+03, 1.61312842e+03, 1.84712854e+03, 1.61091418e+03,
       1.94783313e+03, 1.60877283e+03, 2.04821118e+03, 1.60650549e+03,
       2.14896729e+03, 1.60417664e+03, 2.24939917e+03, 1.60193152e+03,
       1.54865283e+03, 1.71596191e+03, 1.64927783e+03, 1.71391479e+03,
       1.74955615e+03, 1.71172083e+03, 1.84990283e+03, 1.70961914e+03,
       1.95017297e+03, 1.70741821e+03, 2.05020874e+03, 1.70515491e+03,
       2.15033081e+03, 1.70284827e+03, 2.25024536e+03, 1.70053845e+03,
       1.55306934e+03, 1.81354468e+03, 1.65315125e+03, 1.81128748e+03,
       1.75291614e+03, 1.80914014e+03, 1.85279248e+03, 1.80696863e+03,
       1.95256799e+03, 1.80484900e+03, 2.05198242e+03, 1.80245691e+03,
       2.15172729e+03, 1.80023279e+03, 2.25116919e+03, 1.79789111e+03 ]
   - [ 5.07522095e+02, 1.04904333e+03, 6.10427368e+02, 1.04716382e+03,
       7.13271790e+02, 1.04525244e+03, 8.16138916e+02, 1.04332141e+03,
       9.18872986e+02, 1.04148560e+03, 1.02119000e+03, 1.03953772e+03,
       1.12385144e+03, 1.03750427e+03, 1.22627673e+03, 1.03551721e+03,
       5.17423828e+02, 1.15199182e+03, 6.19929993e+02, 1.15007605e+03,
       7.22042236e+02, 1.14812659e+03, 8.24421570e+02, 1.14620593e+03,
       9.26541748e+02, 1.14429504e+03, 1.02846313e+03, 1.14223853e+03,
       1.13048096e+03, 1.14029456e+03, 1.23244580e+03, 1.13815588e+03,
       5.27095337e+02, 1.25411816e+03, 6.29084595e+02, 1.25209131e+03,
       7.30917603e+02, 1.25011328e+03, 8.32653564e+02, 1.24820569e+03,
       9.34240234e+02, 1.24620789e+03, 1.03561450e+03, 1.24416162e+03,
       1.13715857e+03, 1.24210815e+03, 1.23855347e+03, 1.23996704e+03,
       5.36951050e+02, 1.35495654e+03, 6.38202942e+02, 1.35295471e+03,
       7.39433655e+02, 1.35092102e+03, 8.40688965e+02, 1.34890625e+03,
       9.41842346e+02, 1.34696021e+03, 1.04259033e+03, 1.34483447e+03,
       1.14355115e+03, 1.34268323e+03, 1.24450403e+03, 1.34058215e+03,
       5.46470215e+02, 1.45488684e+03, 6.47409668e+02, 1.45287280e+03,
       7.47978210e+02, 1.45088403e+03, 8.48737915e+02, 1.44883032e+03,
       9.49300232e+02, 1.44676184e+03, 1.04964087e+03, 1.44463513e+03,
       1.15002393e+03, 1.44241321e+03, 1.25039807e+03, 1.44036511e+03,
       5.55931091e+02, 1.55361096e+03, 6.56299744e+02, 1.55160071e+03,
       7.56319275e+02, 1.54947559e+03, 8.56738464e+02, 1.54737292e+03,
       9.56719238e+02, 1.54534021e+03, 1.05648962e+03, 1.54321509e+03,
       1.15650977e+03, 1.54093018e+03, 1.25623865e+03, 1.53890649e+03 ]
   - [ 7.63389343e+02, 1.05217505e+03, 8.66196472e+02, 1.05030774e+03,
       9.68854553e+02, 1.04815686e+03, 1.07168042e+03, 1.04621545e+03,
       1.17408643e+03, 1.04427905e+03, 1.27640857e+03, 1.04222791e+03,
       1.37887732e+03, 1.04013318e+03, 1.48123157e+03, 1.03805957e+03,
       7.72127930e+02, 1.15509656e+03, 8.74310852e+02, 1.15306152e+03,
       9.76376160e+02, 1.15103784e+03, 1.07861072e+03, 1.14910376e+03,
       1.18071350e+03, 1.14699683e+03, 1.28240308e+03, 1.14500720e+03,
       1.38423511e+03, 1.14293970e+03, 1.48603906e+03, 1.14070178e+03,
       7.80467712e+02, 1.25714209e+03, 8.82362427e+02, 1.25514722e+03,
       9.83868103e+02, 1.25307312e+03, 1.08552893e+03, 1.25095459e+03,
       1.18705225e+03, 1.24900476e+03, 1.28824622e+03, 1.24683826e+03,
       1.38964185e+03, 1.24460730e+03, 1.49087817e+03, 1.24252612e+03,
       7.88957092e+02, 1.35789587e+03, 8.90197754e+02, 1.35587744e+03,
       9.91166321e+02, 1.35377991e+03, 1.09237585e+03, 1.35165613e+03,
       1.19333838e+03, 1.34973352e+03, 1.29399683e+03, 1.34748535e+03,
       1.39487549e+03, 1.34524951e+03, 1.49554187e+03, 1.34311755e+03,
       7.97292664e+02, 1.45783618e+03, 8.98083984e+02, 1.45577502e+03,
       9.98494141e+02, 1.45367114e+03, 1.09915234e+03, 1.45150232e+03,
       1.19960754e+03, 1.44938538e+03, 1.29968506e+03, 1.44734351e+03,
       1.40016650e+03, 1.44510938e+03, 1.50033484e+03, 1.44289502e+03,
       8.05581604e+02, 1.55659558e+03, 9.05749084e+02, 1.55437415e+03,
       1.00562177e+03, 1.55228918e+03, 1.10592761e+03, 1.55015137e+03,
       1.20571606e+03, 1.54817969e+03, 1.30543323e+03, 1.54583545e+03,
       1.40517847e+03, 1.54365637e+03, 1.50488904e+03, 1.54140979e+03 ]
   - [ 1.02089856e+03, 1.05441516e+03, 1.12358789e+03, 1.05232227e+03,
       1.22610999e+03, 1.05028723e+03, 1.32882251e+03, 1.04828284e+03,
       1.43113867e+03, 1.04627673e+03, 1.53326025e+03, 1.04431226e+03,
       1.63566357e+03, 1.04208350e+03, 1.73788354e+03, 1.04001306e+03,
       1.02812610e+03, 1.15722461e+03, 1.13040015e+03, 1.15524731e+03,
       1.23225256e+03, 1.15311731e+03, 1.33441443e+03, 1.15110486e+03,
       1.43622681e+03, 1.14909961e+03, 1.53789392e+03, 1.14702344e+03,
       1.63967249e+03, 1.14497729e+03, 1.74141577e+03, 1.14275903e+03,
       1.03525867e+03, 1.25916370e+03, 1.13694897e+03, 1.25719067e+03,
       1.23841882e+03, 1.25517529e+03, 1.34005164e+03, 1.25298914e+03,
       1.44137756e+03, 1.25101636e+03, 1.54232983e+03, 1.24900500e+03,
       1.64374878e+03, 1.24675146e+03, 1.74497119e+03, 1.24454138e+03,
       1.04245447e+03, 1.36023010e+03, 1.14342163e+03, 1.35802588e+03,
       1.24443323e+03, 1.35591956e+03, 1.34547314e+03, 1.35376074e+03,
       1.44635022e+03, 1.35179175e+03, 1.54691455e+03, 1.34954614e+03,
       1.64766235e+03, 1.34738171e+03, 1.74831091e+03, 1.34513647e+03,
       1.04941711e+03, 1.46005566e+03, 1.15013623e+03, 1.45782495e+03,
       1.25036902e+03, 1.45574170e+03, 1.35092383e+03, 1.45374316e+03,
       1.45131311e+03, 1.45157385e+03, 1.55131055e+03, 1.44938550e+03,
       1.65153552e+03, 1.44714160e+03, 1.75168823e+03, 1.44497974e+03,
       1.05635217e+03, 1.55867981e+03, 1.15644177e+03, 1.55654712e+03,
       1.25629614e+03, 1.55447583e+03, 1.35630713e+03, 1.55231775e+03,
       1.45619080e+03, 1.55027722e+03, 1.55567480e+03, 1.54791858e+03,
       1.65542456e+03, 1.54581177e+03, 1.75504272e+03, 1.54349402e+03 ]
   - [ 1.27599939e+03, 1.05675916e+03, 1.37864172e+03, 1.05479114e+03,
       1.48105542e+03, 1.05266345e+03, 1.58371033e+03, 1.05073865e+03,
       1.68590430e+03, 1.04871460e+03, 1.78804565e+03, 1.04669641e+03,
       1.89037268e+03, 1.04461108e+03, 1.99246411e+03, 1.04242322e+03,
       1.28200305e+03, 1.15973730e+03, 1.38400732e+03, 1.15764233e+03,
       1.48587085e+03, 1.15558411e+03, 1.58797339e+03, 1.15351538e+03,
       1.68979285e+03, 1.15154285e+03, 1.79137781e+03, 1.14947192e+03,
       1.89310315e+03, 1.14729285e+03, 1.99467419e+03, 1.14516406e+03,
       1.28764941e+03, 1.26173328e+03, 1.38935645e+03, 1.25966431e+03,
       1.49065735e+03, 1.25761914e+03, 1.59217871e+03, 1.25549255e+03,
       1.69343970e+03, 1.25355664e+03, 1.79451733e+03, 1.25144153e+03,
       1.89580444e+03, 1.24921790e+03, 1.99696558e+03, 1.24697961e+03,
       1.29355115e+03, 1.36252002e+03, 1.39463855e+03, 1.36040369e+03,
       1.49537781e+03, 1.35835706e+03, 1.59645813e+03, 1.35622290e+03,
       1.69711914e+03, 1.35426599e+03, 1.79767432e+03, 1.35200281e+03,
       1.89840747e+03, 1.34984888e+03, 1.99895654e+03, 1.34766296e+03,
       1.29930701e+03, 1.46251392e+03, 1.39973267e+03, 1.46042432e+03,
       1.50000671e+03, 1.45826050e+03, 1.60053845e+03, 1.45613428e+03,
       1.70082532e+03, 1.45414685e+03, 1.80082312e+03, 1.45189771e+03,
       1.90100085e+03, 1.44964978e+03, 2.00110120e+03, 1.44757214e+03,
       1.30499829e+03, 1.56119568e+03, 1.40486975e+03, 1.55899255e+03,
       1.50472595e+03, 1.55701733e+03, 1.60464404e+03, 1.55482458e+03,
       1.70440967e+03, 1.55271704e+03, 1.80388135e+03, 1.55037756e+03,
       1.90370154e+03, 1.54820764e+03, 2.00321826e+03, 1.54608765e+03 ]
   - [ 1.53426587e+03, 1.05967920e+03, 1.63673999e+03, 1.05763037e+03,
       1.73914380e+03, 1.05558020e+03, 1.84164404e+03, 1.05356238e+03,
       1.94388159e+03, 1.05151221e+03, 2.04599548e+03, 1.04943567e+03,
       2.14821191e+03, 1.04736804e+03, 2.25029468e+03, 1.04531543e+03,
       1.53876294e+03, 1.16255627e+03, 1.64083167e+03, 1.16054089e+03,
       1.74256555e+03, 1.15839734e+03, 1.84464905e+03, 1.15639038e+03,
       1.94641748e+03, 1.15432874e+03, 2.04786157e+03, 1.15221497e+03,
       2.14955347e+03, 1.15017590e+03, 2.25109009e+03, 1.14801587e+03,
       1.54317224e+03, 1.26446802e+03, 1.64483569e+03, 1.26255518e+03,
       1.74606116e+03, 1.26044202e+03, 1.84757166e+03, 1.25834460e+03,
       1.94882324e+03, 1.25637231e+03, 2.04978101e+03, 1.25422266e+03,
       2.15089404e+03, 1.25209619e+03, 2.25200439e+03, 1.24996838e+03,
       1.54777771e+03, 1.36534595e+03, 1.64874622e+03, 1.36321802e+03,
       1.74954822e+03, 1.36119666e+03, 1.85049512e+03, 1.35905042e+03,
       1.95109863e+03, 1.35707092e+03, 2.05165234e+03, 1.35496838e+03,
       2.15217529e+03, 1.35268408e+03, 2.25272021e+03, 1.35063660e+03,
       1.55198511e+03, 1.46532361e+03, 1.65264063e+03, 1.46319385e+03,
       1.75283813e+03, 1.46117603e+03, 1.85326257e+03, 1.45909827e+03,
       1.95338794e+03, 1.45701221e+03, 2.05344824e+03, 1.45481934e+03,
       2.15353467e+03, 1.45262256e+03, 2.25355103e+03, 1.45050305e+03,
       1.55638757e+03, 1.56410718e+03, 1.65646936e+03, 1.56194458e+03,
       1.75624927e+03, 1.55982678e+03, 1.85612268e+03, 1.55772717e+03,
       1.95575500e+03, 1.55572339e+03, 2.05520776e+03, 1.55345142e+03,
       2.15484912e+03, 1.55124463e+03, 2.25428052e+03, 1.54908044e+03 ]
   - [ 5.11881470e+02, 7.88723694e+02, 6.14813599e+02, 7.86764221e+02,
       7.17510498e+02, 7.85032166e+02, 8.20589417e+02, 7.83275879e+02,
       9.23176453e+02, 7.81462219e+02, 1.02554358e+03, 7.79668213e+02,
       1.12817493e+03, 7.77722412e+02, 1.23062317e+03, 7.75951233e+02,
       5.21939575e+02, 8.93047363e+02, 6.24167908e+02, 8.91166443e+02,
       7.26542725e+02, 8.89395569e+02, 8.28767761e+02, 8.87503052e+02,
       9.30932983e+02, 8.85745911e+02, 1.03286853e+03, 8.83830200e+02,
       1.13494324e+03, 8.81985596e+02, 1.23682690e+03, 8.80051392e+02,
       5.31533203e+02, 9.96415771e+02, 6.33619446e+02, 9.94640869e+02,
       7.35241699e+02, 9.92698730e+02, 8.37076782e+02, 9.90898621e+02,
       9.38651428e+02, 9.89028992e+02, 1.04006018e+03, 9.87205933e+02,
       1.14150928e+03, 9.85259399e+02, 1.24290247e+03, 9.83153137e+02,
       5.41365662e+02, 1.09872522e+03, 6.42767273e+02, 1.09682690e+03,
       7.43969910e+02, 1.09485156e+03, 8.45265686e+02, 1.09299487e+03,
       9.46281494e+02, 1.09112634e+03, 1.04703845e+03, 1.08911182e+03,
       1.14813696e+03, 1.08713171e+03, 1.24899792e+03, 1.08516125e+03,
       5.51031494e+02, 1.19985986e+03, 6.51918274e+02, 1.19804456e+03,
       7.52474243e+02, 1.19605261e+03, 8.53307434e+02, 1.19422266e+03,
       9.53801697e+02, 1.19226672e+03, 1.05400281e+03, 1.19022815e+03,
       1.15451147e+03, 1.18829163e+03, 1.25485718e+03, 1.18627234e+03,
       5.60561462e+02, 1.29989478e+03, 6.60831848e+02, 1.29793237e+03,
       7.60933044e+02, 1.29610815e+03, 8.61235229e+02, 1.29408154e+03,
       9.61188110e+02, 1.29218982e+03, 1.06087146e+03, 1.29009875e+03,
       1.16085132e+03, 1.28804004e+03, 1.26065771e+03, 1.28608350e+03 ]
   - [ 7.67808044e+02, 7.92114380e+02, 8.70581909e+02, 7.90216187e+02,
       9.73267395e+02, 7.88302734e+02, 1.07611609e+03, 7.86482910e+02,
       1.17863367e+03, 7.84568909e+02, 1.28083948e+03, 7.82720276e+02,
       1.38335168e+03, 7.80761963e+02, 1.48564075e+03, 7.78752502e+02,
       7.76505371e+02, 8.96423340e+02, 8.78845398e+02, 8.94452759e+02,
       9.80828125e+02, 8.92600403e+02, 1.08309070e+03, 8.90615295e+02,
       1.18510693e+03, 8.88817505e+02, 1.28675281e+03, 8.86795959e+02,
       1.38867908e+03, 8.84839661e+02, 1.49052881e+03, 8.82806824e+02,
       7.84977417e+02, 9.99816284e+02, 8.86832458e+02, 9.97882324e+02,
       9.88318115e+02, 9.95938477e+02, 1.09005200e+03, 9.94029419e+02,
       1.19148364e+03, 9.92141907e+02, 1.29266858e+03, 9.90126160e+02,
       1.39408325e+03, 9.88075378e+02, 1.49534741e+03, 9.86058899e+02,
       7.93512695e+02, 1.10185706e+03, 8.94720093e+02, 1.09991174e+03,
       9.95738403e+02, 1.09804248e+03, 1.09693884e+03, 1.09608972e+03,
       1.19778699e+03, 1.09422888e+03, 1.29852087e+03, 1.09204187e+03,
       1.39928613e+03, 1.09001477e+03, 1.50012195e+03, 1.08796216e+03,
       8.01847473e+02, 1.20319104e+03, 9.02622925e+02, 1.20117932e+03,
       1.00299182e+03, 1.19922168e+03, 1.10363464e+03, 1.19727966e+03,
       1.20403235e+03, 1.19523621e+03, 1.30417651e+03, 1.19324573e+03,
       1.40451221e+03, 1.19101953e+03, 1.50468372e+03, 1.18905811e+03,
       8.10102844e+02, 1.30321631e+03, 9.10246704e+02, 1.30116870e+03,
       1.01017987e+03, 1.29913989e+03, 1.11028906e+03, 1.29716089e+03,
       1.21017676e+03, 1.29522412e+03, 1.30980261e+03, 1.29301318e+03,
       1.40958984e+03, 1.29088318e+03, 1.50931189e+03, 1.28883240e+03 ]
   - [ 1.02514148e+03, 7.94486328e+02, 1.12784595e+03, 7.92622742e+02,
       1.23032251e+03, 7.90672241e+02, 1.33305725e+03, 7.88836914e+02,
       1.43539209e+03, 7.86749084e+02, 1.53760205e+03, 7.84969849e+02,
       1.63999548e+03, 7.82986023e+02, 1.74215381e+03, 7.81013245e+02,
       1.03247681e+03, 8.98756531e+02, 1.13464441e+03, 8.96796265e+02,
       1.23656848e+03, 8.94881714e+02, 1.33867834e+03, 8.92900085e+02,
       1.44055005e+03, 8.91124817e+02, 1.54219788e+03, 8.89129578e+02,
       1.64402942e+03, 8.87115601e+02, 1.74568958e+03, 8.85054504e+02,
       1.03953076e+03, 1.00216150e+03, 1.14135986e+03, 1.00020105e+03,
       1.24272437e+03, 9.98303711e+02, 1.34430457e+03, 9.96328491e+02,
       1.44565955e+03, 9.94392578e+02, 1.54675769e+03, 9.92367798e+02,
       1.64803259e+03, 9.90273376e+02, 1.74918042e+03, 9.88274414e+02,
       1.04673840e+03, 1.10433923e+03, 1.14785254e+03, 1.10236353e+03,
       1.24876917e+03, 1.10034705e+03, 1.34977307e+03, 1.09833984e+03,
       1.45064331e+03, 1.09635364e+03, 1.55119006e+03, 1.09436426e+03,
       1.65188831e+03, 1.09222803e+03, 1.75259949e+03, 1.09014844e+03,
       1.05377991e+03, 1.20563000e+03, 1.15443640e+03, 1.20354199e+03,
       1.25478235e+03, 1.20159290e+03, 1.35524023e+03, 1.19951831e+03,
       1.45558191e+03, 1.19744727e+03, 1.55562451e+03, 1.19548657e+03,
       1.65586902e+03, 1.19341223e+03, 1.75588062e+03, 1.19135168e+03,
       1.06072791e+03, 1.30558679e+03, 1.16088477e+03, 1.30347339e+03,
       1.26063757e+03, 1.30146521e+03, 1.36068835e+03, 1.29938403e+03,
       1.46039734e+03, 1.29744739e+03, 1.55987024e+03, 1.29529150e+03,
       1.65963989e+03, 1.29323193e+03, 1.75927039e+03, 1.29111523e+03 ]
   - [ 1.28010938e+03, 7.96964539e+02, 1.38276135e+03, 7.95049377e+02,
       1.48516382e+03, 7.93091003e+02, 1.58781665e+03, 7.91219910e+02,
       1.69002637e+03, 7.89281982e+02, 1.79222144e+03, 7.87316345e+02,
       1.89454358e+03, 7.85395081e+02, 1.99672070e+03, 7.83398621e+02,
       1.28603345e+03, 9.01283203e+02, 1.38822559e+03, 8.99335754e+02,
       1.49007324e+03, 8.97378235e+02, 1.59206165e+03, 8.95431580e+02,
       1.69389758e+03, 8.93482178e+02, 1.79546960e+03, 8.91499023e+02,
       1.89716113e+03, 8.89575989e+02, 1.99884448e+03, 8.87518921e+02,
       1.29182251e+03, 1.00462708e+03, 1.39344873e+03, 1.00265985e+03,
       1.49486694e+03, 1.00072418e+03, 1.59639319e+03, 9.98805420e+02,
       1.69755493e+03, 9.96772766e+02, 1.79860437e+03, 9.94827759e+02,
       1.89986084e+03, 9.92763733e+02, 2.00101465e+03, 9.90682373e+02,
       1.29770361e+03, 1.10682361e+03, 1.39877173e+03, 1.10480713e+03,
       1.49948633e+03, 1.10284692e+03, 1.60052515e+03, 1.10089185e+03,
       1.70123303e+03, 1.09888562e+03, 1.80180359e+03, 1.09676416e+03,
       1.90248975e+03, 1.09459253e+03, 2.00312488e+03, 1.09256396e+03,
       1.30343835e+03, 1.20804333e+03, 1.40388110e+03, 1.20608459e+03,
       1.50416797e+03, 1.20405286e+03, 1.60463708e+03, 1.20204858e+03,
       1.70487268e+03, 1.20000757e+03, 1.80488196e+03, 1.19789355e+03,
       1.90504456e+03, 1.19587622e+03, 2.00513049e+03, 1.19373169e+03,
       1.30895618e+03, 1.30796985e+03, 1.40898059e+03, 1.30598877e+03,
       1.50869580e+03, 1.30398328e+03, 1.60871399e+03, 1.30198743e+03,
       1.70847131e+03, 1.29997778e+03, 1.80794104e+03, 1.29783130e+03,
       1.90761841e+03, 1.29574597e+03, 2.00719092e+03, 1.29363745e+03 ]
   - [ 1.53787561e+03, 7.99915527e+02, 1.64061487e+03, 7.97928894e+02,
       1.74288977e+03, 7.95891174e+02, 1.84541980e+03, 7.94130066e+02,
       1.94771936e+03, 7.92221924e+02, 2.04973022e+03, 7.90195313e+02,
       2.15199414e+03, 7.88144226e+02, 2.25415869e+03, 7.86114868e+02,
       1.54250452e+03, 9.04222534e+02, 1.64456592e+03, 9.02229736e+02,
       1.74637488e+03, 9.00183716e+02, 1.84836658e+03, 8.98233521e+02,
       1.95011401e+03, 8.96414856e+02, 2.05160986e+03, 8.94409607e+02,
       2.15330615e+03, 8.92477661e+02, 2.25488696e+03, 8.90299316e+02,
       1.54697363e+03, 1.00758954e+03, 1.64857446e+03, 1.00561371e+03,
       1.74989636e+03, 1.00353467e+03, 1.85127759e+03, 1.00161713e+03,
       1.95252100e+03, 9.99718628e+02, 2.05341309e+03, 9.97690796e+02,
       2.15465894e+03, 9.95663574e+02, 2.25575659e+03, 9.93506104e+02,
       1.55134509e+03, 1.10970483e+03, 1.65250049e+03, 1.10768689e+03,
       1.75318970e+03, 1.10576770e+03, 1.85416394e+03, 1.10364868e+03,
       1.95479321e+03, 1.10177283e+03, 2.05528149e+03, 1.09981641e+03,
       2.15588501e+03, 1.09767102e+03, 2.25649414e+03, 1.09553467e+03,
       1.55582642e+03, 1.21091760e+03, 1.65628516e+03, 1.20889539e+03,
       1.75656653e+03, 1.20688440e+03, 1.85697583e+03, 1.20501428e+03,
       1.95714722e+03, 1.20282593e+03, 2.05708228e+03, 1.20086743e+03,
       2.15721069e+03, 1.19884033e+03, 2.25716577e+03, 1.19674951e+03,
       1.56012183e+03, 1.31091101e+03, 1.66011975e+03, 1.30895471e+03,
       1.75982141e+03, 1.30691638e+03, 1.85978833e+03, 1.30484314e+03,
       1.95940979e+03, 1.30295862e+03, 2.05880615e+03, 1.30077527e+03,
       2.15833374e+03, 1.29866699e+03, 2.25800757e+03, 1.29668237e+03 ]
   - [ 5.14197205e+02, 5.30414856e+02, 6.17221985e+02, 5.28882568e+02,
       7.20014343e+02, 5.27167297e+02, 8.23030945e+02, 5.25551880e+02,
       9.25596436e+02, 5.23742920e+02, 1.02805334e+03, 5.22178711e+02,
       1.13071472e+03, 5.20387329e+02, 1.23317712e+03, 5.18734985e+02,
       5.24368164e+02, 6.36321045e+02, 6.26738281e+02, 6.34663940e+02,
       7.28905640e+02, 6.32878479e+02, 8.31312012e+02, 6.31145508e+02,
       9.33571960e+02, 6.29496948e+02, 1.03538745e+03, 6.27791565e+02,
       1.13753491e+03, 6.26072266e+02, 1.23940466e+03, 6.24135132e+02,
       5.34087463e+02, 7.41263733e+02, 6.36165161e+02, 7.39591064e+02,
       7.37840393e+02, 7.37878845e+02, 8.39697754e+02, 7.36036987e+02,
       9.41302734e+02, 7.34233582e+02, 1.04259082e+03, 7.32509094e+02,
       1.14418408e+03, 7.30637634e+02, 1.24562170e+03, 7.28820679e+02,
       5.44032166e+02, 8.44885376e+02, 6.45527283e+02, 8.43065186e+02,
       7.46539124e+02, 8.41274902e+02, 8.47805054e+02, 8.39462219e+02,
       9.49013611e+02, 8.37747498e+02, 1.04976465e+03, 8.35817383e+02,
       1.15074023e+03, 8.33947388e+02, 1.25163782e+03, 8.32092896e+02,
       5.53760437e+02, 9.47489990e+02, 6.54530029e+02, 9.45625732e+02,
       7.55107056e+02, 9.43772339e+02, 8.55947021e+02, 9.41997375e+02,
       9.56462341e+02, 9.40218628e+02, 1.05673828e+03, 9.38343201e+02,
       1.15717346e+03, 9.36413940e+02, 1.25753296e+03, 9.34596252e+02,
       5.63272217e+02, 1.04886023e+03, 6.63543579e+02, 1.04691138e+03,
       7.63628357e+02, 1.04512170e+03, 8.63909607e+02, 1.04319836e+03,
       9.63983093e+02, 1.04149536e+03, 1.06365686e+03, 1.03953381e+03,
       1.16365991e+03, 1.03758313e+03, 1.26347839e+03, 1.03566382e+03 ]
   - [ 7.70278442e+02, 5.34359863e+02, 8.73077209e+02, 5.32393494e+02,
       9.75813904e+02, 5.30638123e+02, 1.07855176e+03, 5.28924377e+02,
       1.18112561e+03, 5.27171875e+02, 1.28339319e+03, 5.25356750e+02,
       1.38599890e+03, 5.23579895e+02, 1.48826611e+03, 5.21668091e+02,
       7.79101624e+02, 6.40085693e+02, 8.81319519e+02, 6.38235901e+02,
       9.83358093e+02, 6.36371948e+02, 1.08563086e+03, 6.34541565e+02,
       1.18765466e+03, 6.32731384e+02, 1.28934668e+03, 6.30998535e+02,
       1.39139014e+03, 6.29102600e+02, 1.49314136e+03, 6.27200867e+02,
       7.87524109e+02, 7.44915222e+02, 8.89404175e+02, 7.43052917e+02,
       9.90895874e+02, 7.41127808e+02, 1.09263757e+03, 7.39393250e+02,
       1.19412378e+03, 7.37491638e+02, 1.29537744e+03, 7.35652405e+02,
       1.39673633e+03, 7.33648438e+02, 1.49804626e+03, 7.31728394e+02,
       7.96094543e+02, 8.48476440e+02, 8.97439514e+02, 8.46536194e+02,
       9.98374695e+02, 8.44686768e+02, 1.09956531e+03, 8.42769104e+02,
       1.20046863e+03, 8.40899475e+02, 1.30111792e+03, 8.38978455e+02,
       1.40198584e+03, 8.36972351e+02, 1.50273450e+03, 8.35165833e+02,
       8.04524841e+02, 9.51036682e+02, 9.05351013e+02, 9.49083740e+02,
       1.00570227e+03, 9.47230652e+02, 1.10634668e+03, 9.45314392e+02,
       1.20670532e+03, 9.43511841e+02, 1.30683679e+03, 9.41474182e+02,
       1.40722388e+03, 9.39574219e+02, 1.50741101e+03, 9.37522583e+02,
       8.12797729e+02, 1.05232263e+03, 9.12981812e+02, 1.05034790e+03,
       1.01289606e+03, 1.04848120e+03, 1.11305029e+03, 1.04656750e+03,
       1.21299133e+03, 1.04467908e+03, 1.31248059e+03, 1.04264478e+03,
       1.41240137e+03, 1.04059229e+03, 1.51208289e+03, 1.03860193e+03 ]
   - [ 1.02758032e+03, 5.36938965e+02, 1.13032996e+03, 5.35030701e+02,
       1.23285071e+03, 5.33148621e+02, 1.33562085e+03, 5.31363464e+02,
       1.43794043e+03, 5.29588379e+02, 1.54015710e+03, 5.27786987e+02,
       1.64258960e+03, 5.25860657e+02, 1.74483264e+03, 5.24025513e+02,
       1.03502905e+03, 6.42681519e+02, 1.13715002e+03, 6.40744385e+02,
       1.23914417e+03, 6.38891418e+02, 1.34117273e+03, 6.37070618e+02,
       1.44317261e+03, 6.35321106e+02, 1.54479968e+03, 6.33424194e+02,
       1.64664673e+03, 6.31494568e+02, 1.74840369e+03, 6.29565186e+02,
       1.04216187e+03, 7.47382324e+02, 1.14382556e+03, 7.45592468e+02,
       1.24525171e+03, 7.43674133e+02, 1.34687012e+03, 7.41861267e+02,
       1.44828674e+03, 7.39973267e+02, 1.54937988e+03, 7.38132874e+02,
       1.65057190e+03, 7.36046753e+02, 1.75186084e+03, 7.34157227e+02,
       1.04941443e+03, 8.51069641e+02, 1.15052258e+03, 8.48997437e+02,
       1.25132593e+03, 8.47144775e+02, 1.35241174e+03, 8.45202637e+02,
       1.45331396e+03, 8.43412720e+02, 1.55379675e+03, 8.41373108e+02,
       1.65463293e+03, 8.39393799e+02, 1.75525928e+03, 8.37455139e+02,
       1.05647083e+03, 9.53589478e+02, 1.15703333e+03, 9.51639343e+02,
       1.25744531e+03, 9.49710510e+02, 1.35792517e+03, 9.47755310e+02,
       1.45819788e+03, 9.45907898e+02, 1.55822681e+03, 9.43853210e+02,
       1.65850391e+03, 9.41923828e+02, 1.75860999e+03, 9.39841919e+02,
       1.06334094e+03, 1.05485815e+03, 1.16347974e+03, 1.05294202e+03,
       1.26333081e+03, 1.05093469e+03, 1.36326331e+03, 1.04900342e+03,
       1.46312036e+03, 1.04721948e+03, 1.56261145e+03, 1.04500134e+03,
       1.66233704e+03, 1.04308679e+03, 1.76190588e+03, 1.04100989e+03 ]
   - [ 1.28243262e+03, 5.39397583e+02, 1.38512524e+03, 5.37498962e+02,
       1.48755725e+03, 5.35667908e+02, 1.59022656e+03, 5.33874512e+02,
       1.69258716e+03, 5.32088867e+02, 1.79462988e+03, 5.30233582e+02,
       1.89691150e+03, 5.28236267e+02, 1.99911035e+03, 5.26342041e+02,
       1.28838049e+03, 6.45287842e+02, 1.39057312e+03, 6.43248352e+02,
       1.49244849e+03, 6.41427124e+02, 1.59446997e+03, 6.39509033e+02,
       1.69630164e+03, 6.37648682e+02, 1.79795068e+03, 6.35804626e+02,
       1.89960901e+03, 6.33913391e+02, 2.00128772e+03, 6.31815918e+02,
       1.29412292e+03, 7.49942688e+02, 1.39582910e+03, 7.48052917e+02,
       1.49722559e+03, 7.46210144e+02, 1.59872192e+03, 7.44192078e+02,
       1.70004053e+03, 7.42449341e+02, 1.80110107e+03, 7.40518494e+02,
       1.90227100e+03, 7.38543030e+02, 2.00350610e+03, 7.36539734e+02,
       1.30008069e+03, 8.53502808e+02, 1.40114746e+03, 8.51543457e+02,
       1.50205188e+03, 8.49615784e+02, 1.60297827e+03, 8.47701599e+02,
       1.70368274e+03, 8.45931519e+02, 1.80424976e+03, 8.43892700e+02,
       1.90492419e+03, 8.41871887e+02, 2.00546130e+03, 8.40008362e+02,
       1.30571240e+03, 9.56086487e+02, 1.40636658e+03, 9.54057251e+02,
       1.50669287e+03, 9.52277466e+02, 1.60708191e+03, 9.50288696e+02,
       1.70730322e+03, 9.48381714e+02, 1.80729492e+03, 9.46256470e+02,
       1.90750989e+03, 9.44340637e+02, 2.00747742e+03, 9.42394714e+02,
       1.31147668e+03, 1.05737378e+03, 1.41152576e+03, 1.05541431e+03,
       1.51136243e+03, 1.05354834e+03, 1.61127844e+03, 1.05148608e+03,
       1.71088391e+03, 1.04963733e+03, 1.81035193e+03, 1.04756165e+03,
       1.91010974e+03, 1.04541858e+03, 2.00951831e+03, 1.04349329e+03 ]
   - [ 1.53998962e+03, 5.42344421e+02, 1.64251404e+03, 5.40510864e+02,
       1.74488452e+03, 5.38478394e+02, 1.84751917e+03, 5.36684326e+02,
       1.94978772e+03, 5.34829712e+02, 2.05186011e+03, 5.33024597e+02,
       2.15418140e+03, 5.30971863e+02, 2.25634546e+03, 5.29080872e+02,
       1.54460510e+03, 6.48011353e+02, 1.64665137e+03, 6.46209229e+02,
       1.74841980e+03, 6.44265076e+02, 1.85044446e+03, 6.42348877e+02,
       1.95215820e+03, 6.40608032e+02, 2.05369238e+03, 6.38582642e+02,
       2.15544312e+03, 6.36704041e+02, 2.25713159e+03, 6.34630005e+02,
       1.54896082e+03, 7.52856873e+02, 1.65062061e+03, 7.50972900e+02,
       1.75189001e+03, 7.49047058e+02, 1.85333350e+03, 7.47095581e+02,
       1.95460925e+03, 7.45300781e+02, 2.05556348e+03, 7.43401489e+02,
       2.15671997e+03, 7.41315796e+02, 2.25787036e+03, 7.39302124e+02,
       1.55355823e+03, 8.56413208e+02, 1.65452869e+03, 8.54490967e+02,
       1.75528662e+03, 8.52464966e+02, 1.85619958e+03, 8.50538513e+02,
       1.95688281e+03, 8.48785645e+02, 2.05736353e+03, 8.46730042e+02,
       2.15800342e+03, 8.44728699e+02, 2.25852563e+03, 8.42670532e+02,
       1.55793030e+03, 9.59014343e+02, 1.65836877e+03, 9.57059570e+02,
       1.75863330e+03, 9.55057312e+02, 1.85906018e+03, 9.53169128e+02,
       1.95913831e+03, 9.51266174e+02, 2.05919067e+03, 9.49277161e+02,
       2.15920117e+03, 9.47209778e+02, 2.25927173e+03, 9.45307678e+02,
       1.56222058e+03, 1.06027002e+03, 1.66215601e+03, 1.05828052e+03,
       1.76182800e+03, 1.05639795e+03, 1.86187732e+03, 1.05433142e+03,
       1.96156018e+03, 1.05252893e+03, 2.06081030e+03, 1.05046802e+03,
       2.16047852e+03, 1.04848682e+03, 2.26001489e+03, 1.04645374e+03 ]
   - [ 5.15772644e+02, 2.73314514e+02, 6.18876587e+02, 2.71622864e+02,
       7.21745422e+02, 2.70063904e+02, 8.24719543e+02, 2.68612000e+02,
       9.27473022e+02, 2.67033386e+02, 1.02998828e+03, 2.65386810e+02,
       1.13261682e+03, 2.63887573e+02, 1.23511353e+03, 2.62188110e+02,
       5.26020691e+02, 3.80605804e+02, 6.28534973e+02, 3.79039886e+02,
       7.30812195e+02, 3.77369507e+02, 8.33270264e+02, 3.75843719e+02,
       9.35436829e+02, 3.74283783e+02, 1.03735303e+03, 3.72656555e+02,
       1.13947290e+03, 3.70922363e+02, 1.24146997e+03, 3.69127197e+02,
       5.35999817e+02, 4.87071930e+02, 6.38089783e+02, 4.85369537e+02,
       7.39792236e+02, 4.83768738e+02, 8.41716003e+02, 4.82086823e+02,
       9.43217773e+02, 4.80462830e+02, 1.04469189e+03, 4.78720032e+02,
       1.14616492e+03, 4.77045715e+02, 1.24767151e+03, 4.75197296e+02,
       5.46042419e+02, 5.92106445e+02, 6.47271484e+02, 5.90401611e+02,
       7.48579651e+02, 5.88675598e+02, 8.49889465e+02, 5.86971985e+02,
       9.51021118e+02, 5.85270447e+02, 1.05178223e+03, 5.83505554e+02,
       1.15280151e+03, 5.81862976e+02, 1.25378638e+03, 5.80063538e+02,
       5.55695435e+02, 6.96092773e+02, 6.56646606e+02, 6.94358582e+02,
       7.57247498e+02, 6.92640442e+02, 8.58100098e+02, 6.90995667e+02,
       9.58583130e+02, 6.89139038e+02, 1.05878259e+03, 6.87392639e+02,
       1.15940906e+03, 6.85648499e+02, 1.25972034e+03, 6.83845520e+02,
       5.65392151e+02, 7.98856262e+02, 6.65661316e+02, 7.97073120e+02,
       7.65878418e+02, 7.95329834e+02, 8.66166382e+02, 7.93579529e+02,
       9.66079468e+02, 7.91769653e+02, 1.06595007e+03, 7.89965454e+02,
       1.16583569e+03, 7.88121765e+02, 1.26564050e+03, 7.86268494e+02 ]
   - [ 7.72119019e+02, 2.77338531e+02, 8.75102844e+02, 2.75518066e+02,
       9.77711548e+02, 2.73845001e+02, 1.08069885e+03, 2.72166870e+02,
       1.18313159e+03, 2.70633911e+02, 1.28543872e+03, 2.68841492e+02,
       1.38804163e+03, 2.67142700e+02, 1.49034436e+03, 2.65441223e+02,
       7.81044617e+02, 3.84596313e+02, 8.83357300e+02, 3.82719727e+02,
       9.85367432e+02, 3.81058350e+02, 1.08766199e+03, 3.79421204e+02,
       1.18974194e+03, 3.77729340e+02, 1.29158813e+03, 3.75968384e+02,
       1.39351111e+03, 3.74199524e+02, 1.49535645e+03, 3.72407684e+02,
       7.89637451e+02, 4.90806427e+02, 8.91439758e+02, 4.89120880e+02,
       9.93013000e+02, 4.87344238e+02, 1.09474927e+03, 4.85614166e+02,
       1.19628821e+03, 4.83913818e+02, 1.29744812e+03, 4.82161163e+02,
       1.39888550e+03, 4.80294006e+02, 1.50025378e+03, 4.78538452e+02,
       7.98244690e+02, 5.95806274e+02, 8.99455627e+02, 5.94005005e+02,
       1.00050031e+03, 5.92276489e+02, 1.10171643e+03, 5.90382813e+02,
       1.20271106e+03, 5.88860474e+02, 1.30328967e+03, 5.86948120e+02,
       1.40431641e+03, 5.84981140e+02, 1.50492590e+03, 5.83248718e+02,
       8.06720642e+02, 6.99864563e+02, 9.07416809e+02, 6.97963379e+02,
       1.00788043e+03, 6.96199158e+02, 1.10853223e+03, 6.94443970e+02,
       1.20899646e+03, 6.92645020e+02, 1.30915247e+03, 6.90711243e+02,
       1.40940784e+03, 6.88842346e+02, 1.50969739e+03, 6.87006775e+02,
       8.15024780e+02, 8.02613464e+02, 9.15293152e+02, 8.00613098e+02,
       1.01517560e+03, 7.98945435e+02, 1.11524109e+03, 7.96880188e+02,
       1.21510022e+03, 7.95242859e+02, 1.31476355e+03, 7.93308777e+02,
       1.41468677e+03, 7.91354919e+02, 1.51432166e+03, 7.89477051e+02 ]
   - [ 1.02954102e+03, 2.80114136e+02, 1.13227441e+03, 2.78482117e+02,
       1.23484106e+03, 2.76630249e+02, 1.33765393e+03, 2.74889374e+02,
       1.44008899e+03, 2.73249146e+02, 1.54222119e+03, 2.71479736e+02,
       1.64468225e+03, 2.69658325e+02, 1.74692554e+03, 2.67891754e+02,
       1.03699524e+03, 3.87329498e+02, 1.13908667e+03, 3.85512665e+02,
       1.24109070e+03, 3.83867004e+02, 1.34331299e+03, 3.82037659e+02,
       1.44519641e+03, 3.80410400e+02, 1.54686853e+03, 3.78581787e+02,
       1.64875378e+03, 3.76763245e+02, 1.75048425e+03, 3.74941071e+02,
       1.04411963e+03, 4.93691040e+02, 1.14590442e+03, 4.91887939e+02,
       1.24731201e+03, 4.90053101e+02, 1.34896802e+03, 4.88303864e+02,
       1.45039697e+03, 4.86580688e+02, 1.55139697e+03, 4.84709351e+02,
       1.65283789e+03, 4.82851074e+02, 1.75395422e+03, 4.81021118e+02,
       1.05149011e+03, 5.98612488e+02, 1.15256079e+03, 5.96705383e+02,
       1.25338306e+03, 5.95021790e+02, 1.35456592e+03, 5.93138794e+02,
       1.45541418e+03, 5.91430298e+02, 1.55595154e+03, 5.89500305e+02,
       1.65675720e+03, 5.87602356e+02, 1.75741919e+03, 5.85749023e+02,
       1.05855029e+03, 7.02588562e+02, 1.15925513e+03, 7.00753418e+02,
       1.25947314e+03, 6.98887634e+02, 1.36002832e+03, 6.97052063e+02,
       1.46037000e+03, 6.95225220e+02, 1.56041455e+03, 6.93305237e+02,
       1.66066052e+03, 6.91445862e+02, 1.76074695e+03, 6.89545227e+02,
       1.06552979e+03, 8.05205750e+02, 1.16555237e+03, 8.03371765e+02,
       1.26549500e+03, 8.01477844e+02, 1.36541687e+03, 7.99608032e+02,
       1.46524512e+03, 7.97790283e+02, 1.56469202e+03, 7.95799316e+02,
       1.66454871e+03, 7.93917664e+02, 1.76411707e+03, 7.91929382e+02 ]
   - [ 1.28424707e+03, 2.82721375e+02, 1.38695508e+03, 2.80926178e+02,
       1.48937634e+03, 2.79086761e+02, 1.59219055e+03, 2.77436310e+02,
       1.69451746e+03, 2.75713562e+02, 1.79662622e+03, 2.73869873e+02,
       1.89894885e+03, 2.71986450e+02, 2.00123389e+03, 2.70171082e+02,
       1.29028027e+03, 3.89973419e+02, 1.39235962e+03, 3.88136169e+02,
       1.49429724e+03, 3.86364594e+02, 1.59649109e+03, 3.84586914e+02,
       1.69826917e+03, 3.82818268e+02, 1.79987378e+03, 3.81046173e+02,
       1.90172009e+03, 3.79179382e+02, 2.00338721e+03, 3.77274841e+02,
       1.29618237e+03, 4.96177521e+02, 1.39779688e+03, 4.94436005e+02,
       1.49921765e+03, 4.92590546e+02, 1.60080176e+03, 4.90715363e+02,
       1.70205225e+03, 4.89040039e+02, 1.80313611e+03, 4.87124146e+02,
       1.90429810e+03, 4.85239532e+02, 2.00554675e+03, 4.83315277e+02,
       1.30203040e+03, 6.01231934e+02, 1.40309924e+03, 5.99307800e+02,
       1.50402319e+03, 5.97534302e+02, 1.60493201e+03, 5.95693909e+02,
       1.70576587e+03, 5.93732971e+02, 1.80623450e+03, 5.91972168e+02,
       1.90689954e+03, 5.90116333e+02, 2.00754187e+03, 5.88136292e+02,
       1.30773022e+03, 7.05151306e+02, 1.40834192e+03, 7.03230469e+02,
       1.50867944e+03, 7.01341675e+02, 1.60915210e+03, 6.99552551e+02,
       1.70939844e+03, 6.97680664e+02, 1.80935938e+03, 6.95866882e+02,
       1.90955688e+03, 6.93851013e+02, 2.00954114e+03, 6.92020935e+02,
       1.31337170e+03, 8.07851379e+02, 1.41339136e+03, 8.05959290e+02,
       1.51323181e+03, 8.04110596e+02, 1.61326477e+03, 8.02102112e+02,
       1.71295703e+03, 8.00332153e+02, 1.81242993e+03, 7.98362732e+02,
       1.91209314e+03, 7.96443298e+02, 2.01156372e+03, 7.94493347e+02 ]
   - [ 1.54150183e+03, 2.85639832e+02, 1.64412061e+03, 2.83938354e+02,
       1.74657764e+03, 2.82051117e+02, 1.84919080e+03, 2.80269440e+02,
       1.95149707e+03, 2.78466309e+02, 2.05359839e+03, 2.76703247e+02,
       2.15600415e+03, 2.74767059e+02, 2.25813452e+03, 2.72870148e+02,
       1.54611108e+03, 3.92928833e+02, 1.64822607e+03, 3.91122345e+02,
       1.75004028e+03, 3.89194794e+02, 1.85209399e+03, 3.87445221e+02,
       1.95389563e+03, 3.85626434e+02, 2.05543750e+03, 3.83771637e+02,
       2.15719946e+03, 3.81842987e+02, 2.25883545e+03, 3.79918152e+02,
       1.55054749e+03, 4.99164063e+02, 1.65221130e+03, 4.97337341e+02,
       1.75346997e+03, 4.95520203e+02, 1.85499365e+03, 4.93627411e+02,
       1.95621729e+03, 4.91765869e+02, 2.05725488e+03, 4.89949341e+02,
       2.15849268e+03, 4.87936646e+02, 2.25964648e+03, 4.86070343e+02,
       1.55511340e+03, 6.04097168e+02, 1.65610181e+03, 6.02190918e+02,
       1.75692590e+03, 6.00348999e+02, 1.85782654e+03, 5.98402161e+02,
       1.95855029e+03, 5.96703003e+02, 2.05900781e+03, 5.94733948e+02,
       2.15969580e+03, 5.92823853e+02, 2.26033325e+03, 5.90836060e+02,
       1.55954785e+03, 7.08061523e+02, 1.65997681e+03, 7.06221985e+02,
       1.76024023e+03, 7.04267822e+02, 1.86065051e+03, 7.02421936e+02,
       1.96081714e+03, 7.00632263e+02, 2.06076489e+03, 6.98724426e+02,
       2.16090698e+03, 6.96703613e+02, 2.26103491e+03, 6.94777405e+02,
       1.56388843e+03, 8.10718201e+02, 1.66387415e+03, 8.08772461e+02,
       1.76368201e+03, 8.06819946e+02, 1.86347424e+03, 8.05014038e+02,
       1.96304272e+03, 8.03209229e+02, 2.06247729e+03, 8.01176025e+02,
       2.16218652e+03, 7.99191223e+02, 2.26172095e+03, 7.97237366e+02 ]
